Trial,time,PositionX,PositionY,PositionZ,RotationQX,RotationQY,RotationQZ,RotationQW
1,0,0.5979263,1.352196,0.2269296,0.4243938,-0.2240342,0.508117,-0.7152033
1,0,0.5979263,1.352196,0.2269296,0.4243938,-0.2240342,0.508117,-0.7152033
1,0.01111111,0.5976568,1.351057,0.2267689,0.421913,-0.2214499,0.5088325,-0.7169651
1,0.02222222,0.5975876,1.350323,0.2267437,0.4196557,-0.2197473,0.5093377,-0.7184535
1,0.03333334,0.5973585,1.349584,0.2267439,0.417318,-0.2195656,0.5077668,-0.7209781
1,0.04444445,0.5968055,1.349107,0.2272996,0.4156076,-0.2220309,0.5049219,-0.7232056
1,0.05555556,0.5964422,1.348807,0.2276543,0.4135407,-0.224156,0.5033245,-0.7248465
1,0.06666667,0.5960239,1.348485,0.2280094,0.4112048,-0.224726,0.503413,-0.7259367
1,0.07777778,0.5958253,1.348381,0.2281706,0.4084434,-0.2231873,0.505791,-0.7263173
1,0.08888889,0.5957386,1.348207,0.2283474,0.4053743,-0.2206636,0.5086429,-0.7268161
1,0.1,0.5955271,1.348186,0.2285441,0.4031558,-0.2196206,0.5099977,-0.7274163
1,0.1111111,0.5953548,1.348165,0.2287951,0.4011185,-0.2192412,0.5106825,-0.7281762
1,0.1222222,0.5950047,1.348109,0.2292124,0.3999145,-0.218854,0.5110422,-0.7287024
1,0.1333333,0.5944317,1.347954,0.2300315,0.4002946,-0.2192554,0.5103987,-0.728824
1,0.1444445,0.5938519,1.347717,0.2307703,0.4009891,-0.219207,0.5098625,-0.7288322
1,0.1555556,0.5929379,1.347502,0.2316163,0.4026696,-0.2188033,0.5100068,-0.7279253
1,0.1666667,0.5922691,1.347295,0.2322302,0.403019,-0.2176601,0.5110432,-0.7273476
1,0.1777778,0.591723,1.347187,0.2325799,0.4025843,-0.2148947,0.5134311,-0.7267288
1,0.1888889,0.5910776,1.346987,0.2330905,0.4019791,-0.2128166,0.5150238,-0.7265483
1,0.2,0.5904514,1.346764,0.2335493,0.4008482,-0.2111389,0.5158154,-0.7271007
1,0.2111111,0.5896229,1.346578,0.2342613,0.3987037,-0.2107395,0.5144419,-0.7293653
1,0.2222222,0.5891591,1.346475,0.2346155,0.3978838,-0.2102885,0.5141883,-0.7301217
1,0.2333333,0.5886818,1.346503,0.2349862,0.3964279,-0.2099285,0.5137072,-0.7313549
1,0.2444444,0.5880382,1.346334,0.2355173,0.3944711,-0.2093105,0.5131381,-0.7329878
1,0.2555556,0.5873274,1.346165,0.2361546,0.3925185,-0.2085192,0.5130264,-0.7343385
1,0.2666667,0.5866361,1.346143,0.2367479,0.3906938,-0.2077964,0.5131246,-0.7354469
1,0.2777778,0.5859393,1.346046,0.2373659,0.3891105,-0.207346,0.5128875,-0.736578
1,0.2888889,0.5851431,1.346136,0.2380955,0.388211,-0.207625,0.5122302,-0.7374309
1,0.3,0.5842788,1.346426,0.238834,0.3883273,-0.2075417,0.5123631,-0.7373008
1,0.3111111,0.5833569,1.346767,0.2398093,0.3897123,-0.2069804,0.5132813,-0.7360882
1,0.3222222,0.5821934,1.347176,0.2409521,0.3921951,-0.2066688,0.5144822,-0.7340157
1,0.3333333,0.5810024,1.347807,0.2420259,0.3945114,-0.2056337,0.5167575,-0.7314624
1,0.3444445,0.5800188,1.348285,0.2430523,0.3963035,-0.2035758,0.5195045,-0.7291197
1,0.3555556,0.5789599,1.348984,0.2438935,0.3981484,-0.2000089,0.5232434,-0.7264231
1,0.3666667,0.5779536,1.349839,0.2448218,0.3997252,-0.1968124,0.5262091,-0.724285
1,0.3777778,0.5770994,1.35071,0.2455341,0.4009096,-0.1944551,0.52813,-0.7228675
1,0.3888889,0.5762049,1.351738,0.2464694,0.401566,-0.1920173,0.5293561,-0.7222577
1,0.4,0.5754325,1.353065,0.2473585,0.4008285,-0.1909853,0.529065,-0.7231537
1,0.4111111,0.57462,1.354357,0.248245,0.3999925,-0.1898142,0.52953,-0.7235845
1,0.4222222,0.5736892,1.355996,0.2492322,0.3981803,-0.1900673,0.5288765,-0.7249942
1,0.4333333,0.5727743,1.357517,0.2502862,0.3965647,-0.1902923,0.5282744,-0.7262585
1,0.4444444,0.5717497,1.359351,0.2513978,0.3936791,-0.1908162,0.5276631,-0.7281329
1,0.4555556,0.5709452,1.361068,0.2525063,0.3918389,-0.1899303,0.5278584,-0.7292147
1,0.4666667,0.5702364,1.362479,0.2537363,0.3900392,-0.1874724,0.5284929,-0.7303553
1,0.4777778,0.5694832,1.363923,0.2548577,0.3883069,-0.1845973,0.5293739,-0.7313719
1,0.4888889,0.5688289,1.365491,0.2560967,0.3864621,-0.1817651,0.5301816,-0.7324724
1,0.5,0.5678975,1.367723,0.2573979,0.3846605,-0.1813545,0.5305997,-0.7332196
1,0.5111111,0.5670136,1.369558,0.2586664,0.3830871,-0.1801076,0.5311987,-0.7339165
1,0.5222223,0.5658585,1.371865,0.2600765,0.382863,-0.1793018,0.5318718,-0.7337433
1,0.5333334,0.5643777,1.374332,0.2617255,0.3845545,-0.1784224,0.5329527,-0.7322872
1,0.5444446,0.5629996,1.376895,0.263351,0.3858632,-0.1769689,0.5339769,-0.7312047
1,0.5555557,0.5616997,1.379441,0.2650175,0.3885347,-0.1737459,0.5354376,-0.7294928
1,0.5666668,0.5602551,1.382626,0.2665355,0.392013,-0.1700494,0.5372514,-0.7271658
1,0.577778,0.5586272,1.386285,0.268063,0.3955615,-0.1671891,0.5389409,-0.7246527
1,0.5888891,0.5569091,1.390018,0.2697006,0.3994639,-0.1644886,0.5400832,-0.7222758
1,0.6000003,0.5547981,1.394167,0.2717332,0.4061177,-0.1620949,0.5396003,-0.7194617
1,0.6111114,0.5525274,1.39835,0.2739378,0.4135601,-0.1600689,0.5384679,-0.7165181
1,0.6222225,0.549792,1.403122,0.2764511,0.4232099,-0.1578172,0.5366786,-0.7127155
1,0.6333337,0.5472208,1.408461,0.2785707,0.4317913,-0.1526348,0.5375768,-0.7080042
1,0.6444448,0.5449114,1.413377,0.2804465,0.4382911,-0.1469302,0.5390935,-0.704053
1,0.655556,0.5427378,1.418782,0.2823015,0.4433498,-0.1377916,0.5414389,-0.7009268
1,0.6666671,0.5404089,1.424715,0.2843114,0.447221,-0.1298737,0.5418353,-0.6996717
1,0.6777782,0.5381404,1.430718,0.2861314,0.4500697,-0.1225552,0.5409718,-0.6998337
1,0.6888894,0.535762,1.43678,0.2880288,0.4525484,-0.1155379,0.5392162,-0.7007831
1,0.7000005,0.5329872,1.443688,0.2895,0.4528894,-0.1079743,0.5359195,-0.704289
1,0.7111117,0.5303199,1.44994,0.2913925,0.455169,-0.1010934,0.5328138,-0.7061946
1,0.7222228,0.5269782,1.456164,0.2936514,0.4586697,-0.09451354,0.526806,-0.7093411
1,0.7333339,0.5235706,1.462266,0.2959915,0.4626046,-0.08705524,0.521032,-0.712
1,0.7444451,0.5199665,1.468754,0.2979807,0.4665563,-0.07846379,0.5156531,-0.7143322
1,0.7555562,0.5199665,1.468754,0.2979807,0.4665563,-0.07846379,0.5156531,-0.7143322
1,0.7666674,0.5132656,1.480825,0.3017323,0.4726854,-0.06039935,0.5048391,-0.7197624
1,0.7777785,0.5094869,1.486692,0.3036281,0.4756782,-0.05146548,0.4988244,-0.7226726
1,0.7888896,0.5058599,1.492255,0.3057225,0.4784266,-0.04248983,0.4929422,-0.7254727
1,0.8000008,0.502059,1.497638,0.3077153,0.4807301,-0.03248127,0.4878071,-0.7279339
1,0.8111119,0.4977951,1.502815,0.3100285,0.48281,-0.02135348,0.4832861,-0.7299815
1,0.8222231,0.4937212,1.507322,0.3119161,0.483939,-0.01104341,0.4793741,-0.7320394
1,0.8333342,0.4895767,1.511739,0.3137274,0.4840226,-0.0009586066,0.474559,-0.7351973
1,0.8444453,0.4856609,1.515905,0.3155971,0.4833552,0.008678332,0.4691535,-0.739045
1,0.8555565,0.4816374,1.519618,0.3172512,0.481396,0.01743565,0.4618668,-0.7447369
1,0.8666676,0.4778076,1.523129,0.3190362,0.4795236,0.02529998,0.4540887,-0.7504801
1,0.8777788,0.4736074,1.525322,0.321037,0.4772485,0.03195542,0.4444284,-0.7574273
1,0.8888899,0.4696345,1.527815,0.3232427,0.4758129,0.03973931,0.4355378,-0.7631053
1,0.900001,0.4654659,1.528743,0.3257807,0.473806,0.04835843,0.42672,-0.7688168
1,0.9111122,0.4615158,1.530072,0.3281556,0.4707657,0.05719909,0.4199085,-0.7738119
1,0.9222233,0.4571688,1.530608,0.3305169,0.4656002,0.06699996,0.4161796,-0.7781529
1,0.9333345,0.4528263,1.531303,0.3328476,0.46011,0.07554667,0.4117406,-0.7829822
1,0.9444456,0.4483337,1.530688,0.3352929,0.4521866,0.08350308,0.4102718,-0.7875478
1,0.9555568,0.4441432,1.530009,0.337235,0.4417505,0.0917884,0.4095881,-0.7928864
1,0.9666679,0.4403148,1.528884,0.3388557,0.427716,0.09910165,0.409311,-0.799814
1,0.977779,0.436545,1.527869,0.340104,0.4110051,0.1042329,0.4085514,-0.8082674
1,0.9888902,0.4331425,1.526486,0.3412416,0.3927099,0.1082379,0.4076778,-0.8172284
1,1.000001,0.4298842,1.525114,0.3423036,0.3741844,0.1109777,0.4047306,-0.8269601
1,1.011112,0.4269033,1.522734,0.3436853,0.3552023,0.1125893,0.4009503,-0.8368954
1,1.022224,0.4269033,1.522734,0.3436853,0.3552023,0.1125893,0.4009503,-0.8368954
1,1.033335,0.4220727,1.51657,0.3465119,0.3151127,0.1155618,0.3950974,-0.8551301
1,1.044446,0.4194576,1.51325,0.3477853,0.2958302,0.1158225,0.3914192,-0.8636322
1,1.055557,0.4169168,1.5093,0.3495187,0.2770179,0.1152812,0.3898711,-0.8706158
1,1.066668,0.4146813,1.505029,0.3510816,-0.2578849,-0.1164642,-0.39022,0.8761619
1,1.077779,0.4131956,1.499585,0.3528872,-0.2368131,-0.1201928,-0.3959748,0.8790205
1,1.08889,0.4120474,1.49442,0.3545371,-0.2155048,-0.1221045,-0.3994154,0.8826752
1,1.100002,0.4109397,1.489657,0.3556544,-0.1959824,-0.122703,-0.4021193,0.8859091
1,1.111113,0.4101053,1.484335,0.3567443,-0.177255,-0.1209557,-0.4042106,0.8891368
1,1.122224,0.4090524,1.479243,0.3573203,-0.1596061,-0.117101,-0.4029,0.8935798
1,1.133335,0.4088782,1.474903,0.3575694,-0.1440528,-0.1109656,-0.3976589,0.8993346
1,1.144446,0.4086227,1.470923,0.3579094,-0.1289097,-0.1057934,-0.3919675,0.9047384
1,1.155557,0.4096088,1.467108,0.3569781,-0.1170871,-0.09833829,-0.3814297,0.9116642
1,1.166668,0.4109004,1.463195,0.3561554,-0.1056959,-0.09230582,-0.3717721,0.9176565
1,1.17778,0.4127879,1.46075,0.354038,-0.09305866,-0.08749577,-0.3669427,0.9214324
1,1.188891,0.414717,1.458144,0.3526458,-0.08011854,-0.08315188,-0.3652422,0.9237234
1,1.200002,0.4168296,1.456367,0.3493936,-0.07218728,-0.08029602,-0.3696071,0.9228933
1,1.211113,0.418455,1.454217,0.346628,-0.06975139,-0.07808004,-0.3759302,0.9207143
1,1.222224,0.4202913,1.451995,0.3431913,-0.07058112,-0.07618205,-0.3809118,0.9187604
1,1.233335,0.4220776,1.450074,0.3391834,-0.08069529,-0.0757155,-0.3863678,0.915683
1,1.244446,0.4237333,1.448715,0.3342484,-0.09424223,-0.07506573,-0.3909861,0.9124765
1,1.255558,0.4257226,1.448358,0.3288223,-0.1059971,-0.07513217,-0.3960267,0.9090009
1,1.266669,0.4274946,1.448933,0.3226506,-0.1172541,-0.07665906,-0.4029597,0.9044327
1,1.27778,0.429597,1.450076,0.3159375,-0.1281299,-0.08002014,-0.4109526,0.8990538
1,1.288891,0.431644,1.451293,0.3093219,-0.1383779,-0.08367816,-0.4184976,0.8937054
1,1.300002,0.433818,1.453074,0.301994,-0.1509572,-0.08925185,-0.425799,0.8876605
1,1.311113,0.4360923,1.454601,0.2945053,-0.1649389,-0.09418021,-0.4307823,0.8822426
1,1.322224,0.4360923,1.454601,0.2945053,-0.1649389,-0.09418021,-0.4307823,0.8822426
1,1.333336,0.4412769,1.458761,0.2769825,-0.2004809,-0.1050852,-0.4314733,0.873267
1,1.344447,0.4439425,1.460409,0.2683008,-0.2165065,-0.1088663,-0.4323548,0.8685288
1,1.355558,0.4464441,1.462136,0.2590138,0.2334906,0.1113379,0.4323317,-0.8638145
1,1.366669,0.4491802,1.463166,0.2494513,0.2503712,0.1129303,0.4336509,-0.8582004
1,1.37778,0.4515617,1.4644,0.2399121,0.2677552,0.1136194,0.4361856,-0.8515515
1,1.388891,0.4536002,1.464315,0.2308171,0.2875533,0.1118001,0.4378101,-0.8444738
1,1.400002,0.4555723,1.463986,0.222012,0.3075337,0.1096339,0.4389558,-0.8370909
1,1.411114,0.457541,1.463602,0.2121272,0.3279146,0.1065088,0.4398583,-0.8292482
1,1.422225,0.4598048,1.461683,0.2033217,0.3475296,0.1024807,0.4410397,-0.8210998
1,1.433336,0.4620552,1.460068,0.1941678,0.3666342,0.09915113,0.4422764,-0.8124899
1,1.444447,0.4638873,1.45646,0.1858289,0.3858306,0.09324292,0.4448357,-0.802846
1,1.455558,0.4658204,1.452737,0.1772916,0.403447,0.08763129,0.4493525,-0.7922333
1,1.466669,0.4674856,1.448492,0.1696325,0.4208486,0.08218692,0.4539754,-0.7810493
1,1.47778,0.4691118,1.442403,0.1626897,0.4375894,0.07647495,0.4611485,-0.7681206
1,1.488891,0.4704359,1.436532,0.1563259,0.4531991,0.07172881,0.4683143,-0.755081
1,1.500003,0.4715383,1.430537,0.1508083,0.4673327,0.06691886,0.4759506,-0.7420195
1,1.511114,0.4727128,1.424111,0.1457134,0.4795604,0.06121559,0.4851635,-0.7286226
1,1.522225,0.4734234,1.417325,0.1414185,0.4918238,0.05387321,0.4931524,-0.7155472
1,1.533336,0.4734034,1.409275,0.1388781,-0.5020199,-0.04069604,-0.4982357,0.7057486
1,1.544447,0.4738466,1.402482,0.1358823,-0.5106605,-0.02976367,-0.5024968,0.6970201
1,1.555558,0.4739439,1.394816,0.1344613,-0.5147382,-0.01582439,-0.5057042,0.6921399
1,1.566669,0.4757799,1.386696,0.1312977,-0.5186194,-0.002722055,-0.5089578,0.6870142
1,1.577781,0.475901,1.379193,0.1320403,-0.5127785,0.01206572,-0.5116406,0.6893016
1,1.588892,0.4764936,1.371871,0.1316096,-0.5086883,0.02431831,-0.5167238,0.6882161
1,1.600003,0.476305,1.365498,0.1328877,-0.4967265,0.03524987,-0.5257782,0.6896213
1,1.611114,0.4759409,1.359353,0.1346941,-0.4819831,0.04339078,-0.537564,0.690532
1,1.622225,0.4762955,1.353244,0.136979,-0.4661478,0.05031146,-0.5487803,0.6921092
1,1.633336,0.4757532,1.347887,0.140329,-0.4487897,0.05586958,-0.5579348,0.6958269
1,1.644447,0.4757242,1.34213,0.1437797,-0.4330565,0.06170727,-0.565108,0.6995049
1,1.655559,0.4749602,1.337664,0.14852,0.4154277,-0.06476565,0.5697204,-0.7061472
1,1.66667,0.4746055,1.33286,0.1533536,0.3986644,-0.06815459,0.5737543,-0.712199
1,1.677781,0.4735156,1.330091,0.1587806,0.3788447,-0.06690514,0.5749566,-0.7220978
1,1.688892,0.4729651,1.326619,0.1641662,0.3601459,-0.06739843,0.5777369,-0.7293643
1,1.700003,0.4722641,1.324599,0.1697324,0.3402932,-0.06518634,0.5798653,-0.7373652
1,1.711114,0.4711567,1.322881,0.1761196,0.3184257,-0.06097318,0.5823407,-0.7454976
1,1.722225,0.4703049,1.321415,0.1822162,0.3031286,-0.05604233,0.5835087,-0.7513254
1,1.733337,0.4689555,1.319911,0.1888788,0.2861801,-0.051184,0.584132,-0.7578067
1,1.744448,0.4677322,1.319297,0.1953429,0.2706199,-0.04426383,0.5843207,-0.7637898
1,1.755559,0.4657483,1.319047,0.2021126,0.2557318,-0.03753302,0.5852392,-0.7685621
1,1.76667,0.4629979,1.319158,0.2090523,0.2411416,-0.03068684,0.5869518,-0.7722673
1,1.777781,0.4607929,1.320083,0.2140132,0.2283862,-0.02403013,0.5887361,-0.7750174
1,1.788892,0.4587291,1.321085,0.2196103,0.2138002,-0.0162618,0.5893382,-0.778913
1,1.800003,0.4564501,1.322742,0.2236908,0.200106,-0.007276326,0.5882905,-0.783466
1,1.811115,0.4546162,1.325585,0.227312,0.1862117,0.0007169992,0.5849511,-0.7894028
1,1.822226,0.4529423,1.328408,0.2300614,0.1727576,0.008278124,0.5799544,-0.7960774
1,1.833337,0.4512568,1.332474,0.2319685,0.1621231,0.01410896,0.5701362,-0.8052712
1,1.844448,0.4500901,1.337322,0.2322286,0.1571122,0.01976141,0.5551479,-0.816539
1,1.855559,0.4484559,1.340797,0.2336888,0.1499062,0.02581269,0.544804,-0.8246517
1,1.86667,0.4474353,1.345446,0.2331085,0.1511809,0.03035595,0.5293551,-0.8342698
1,1.877781,0.4461773,1.34961,0.2317028,0.1568677,0.03504175,0.5160164,-0.841363
1,1.888893,0.4445186,1.353318,0.2302866,0.1658226,0.03980313,0.5084461,-0.8440386
1,1.900004,0.443381,1.356692,0.2280741,0.1771897,0.0446914,0.506239,-0.8428098
1,1.911115,0.4419631,1.359748,0.225213,0.1900797,0.05034583,0.508402,-0.8383689
1,1.922226,0.4404822,1.362979,0.2228904,0.20074,0.05565292,0.5097833,-0.834702
1,1.933337,0.440247,1.364983,0.2185152,0.2159878,0.06103254,0.5176522,-0.8256274
1,1.944448,0.4397659,1.367748,0.2146197,0.2281104,0.06586781,0.5195855,-0.8207669
1,1.955559,0.4401264,1.369523,0.2098217,0.2418521,0.06924694,0.521408,-0.8153811
1,1.966671,0.4403897,1.371988,0.2050774,0.2538798,0.0722101,0.5211777,-0.8116061
1,1.977782,0.4418115,1.372899,0.1989184,0.2666106,0.0716079,0.5183936,-0.8093572
1,1.988893,0.4427192,1.374383,0.1930735,0.2786832,0.07130499,0.5154414,-0.8071997
1,2.000004,0.4443154,1.374824,0.1864449,0.2900745,0.06824508,0.5108619,-0.8063619
1,2.011115,0.4460925,1.374795,0.1796991,0.300357,0.06410947,0.5065426,-0.8056613
1,2.022226,0.4480631,1.375076,0.1716512,0.3113827,0.05927292,0.5024449,-0.8044108
1,2.033337,0.4499658,1.373853,0.1647453,0.3216538,0.05261135,0.4981704,-0.8034906
1,2.044448,0.4519102,1.372621,0.1574982,0.3324738,0.04634027,0.4944383,-0.8017758
1,2.055559,0.4537245,1.370136,0.1504606,0.3431493,0.03711945,0.4914477,-0.7995936
1,2.06667,0.4554433,1.367137,0.1434144,0.3534096,0.02757671,0.4902399,-0.796245
1,2.077781,0.4570713,1.364135,0.1368758,0.3629479,0.0183747,0.4897106,-0.792537
1,2.088892,0.4587884,1.360098,0.1301255,0.3709531,0.008341983,0.492828,-0.7870482
1,2.100003,0.4603782,1.355516,0.1241294,0.3773898,-0.0009279847,0.4983937,-0.7804997
1,2.111114,0.4620005,1.350397,0.1184113,0.3828045,-0.01036969,0.5055065,-0.7731859
1,2.122225,0.4639054,1.345582,0.1128683,0.3888299,-0.0193377,0.5110336,-0.7663432
1,2.133336,0.4655999,1.339285,0.1085593,0.393554,-0.02976488,0.5195397,-0.7578309
1,2.144447,0.4669688,1.33331,0.1041189,0.3984483,-0.04000343,0.5273739,-0.7493433
1,2.155558,0.4678835,1.32661,0.1010982,0.4017994,-0.0502848,0.5375012,-0.7396764
1,2.166669,0.4693922,1.320025,0.09753963,0.405251,-0.05992046,0.5470593,-0.730005
1,2.17778,0.4698415,1.312869,0.09573876,0.4060592,-0.0689878,0.5592769,-0.7194206
1,2.188891,0.4697889,1.305994,0.09378634,0.4050287,-0.07996802,0.5714425,-0.7092322
1,2.200002,0.4695206,1.299213,0.09270279,0.401618,-0.09392028,0.5806602,-0.7019371
1,2.211113,0.468797,1.292637,0.09200622,-0.3954943,0.1087232,-0.5865746,0.6983508
1,2.222224,0.469106,1.286178,0.09095237,0.3875363,-0.1206206,0.5885937,-0.6991593
1,2.233335,0.4693258,1.279659,0.09046997,0.3778819,-0.1314907,0.5915842,-0.6999596
1,2.244446,0.4692771,1.273657,0.09018099,0.3626267,-0.1385436,0.5940969,-0.7045256
1,2.255557,0.4700095,1.26747,0.09010997,0.3467916,-0.1450455,0.5980014,-0.7078784
1,2.266668,0.4696729,1.26255,0.09050807,0.3222057,-0.1485884,0.6038144,-0.7138019
1,2.277779,0.4697345,1.258044,0.09130801,0.3007565,-0.1532211,0.6103773,-0.7165949
1,2.28889,0.4697122,1.253074,0.09227911,0.2808942,-0.1586258,0.6157594,-0.7188718
1,2.300001,0.4690576,1.248798,0.0939934,0.2598744,-0.1636331,0.6198623,-0.7221221
1,2.311112,0.4685734,1.243577,0.09613279,0.2388694,-0.1699621,0.6215199,-0.7264759
1,2.322223,0.4682255,1.23995,0.09793904,0.2221021,-0.1750785,0.6200806,-0.7317911
1,2.333334,0.4682723,1.235741,0.09982434,0.2017115,-0.1811059,0.6183493,-0.7376702
1,2.344445,0.4693281,1.232453,0.1009739,0.1780646,-0.1874545,0.6138152,-0.745912
1,2.355556,0.4708544,1.22935,0.1020335,-0.1526368,0.1942028,-0.6080553,0.7544906
1,2.366668,0.4725134,1.227427,0.102893,-0.1281564,0.202929,-0.6011061,0.7622775
1,2.377779,0.4739361,1.226604,0.1030923,-0.1050162,0.2145068,-0.5947061,0.7676478
1,2.38889,0.47478,1.225121,0.1046383,-0.08499877,0.2256302,-0.590337,0.7703043
1,2.400001,0.475856,1.224494,0.1048157,-0.07289898,0.238586,-0.587187,0.770048
1,2.411112,0.4765822,1.223139,0.1062324,-0.06308714,0.2506926,-0.5828995,0.7703255
1,2.422223,0.4774087,1.22173,0.1062046,-0.06548569,0.2629241,-0.5797111,0.7684514
1,2.433334,0.4776622,1.220121,0.1073461,-0.07164769,0.2745152,-0.5768477,0.7659992
1,2.444445,0.4783135,1.218819,0.1082475,-0.08058276,0.2849566,-0.5760047,0.7619218
1,2.455556,0.4792685,1.218106,0.1081815,-0.09283702,0.2928261,-0.5797223,0.7546895
1,2.466667,0.4806765,1.217929,0.1088766,-0.1049394,0.2976031,-0.5862529,0.7461419
1,2.477778,0.482125,1.218357,0.1087921,-0.1161133,0.3025454,-0.591081,0.7386524
1,2.488889,0.4835193,1.219712,0.1091985,-0.1285969,0.3049711,-0.5959796,0.7316172
1,2.5,0.4848925,1.221706,0.1094388,-0.1406173,0.3081939,-0.5995393,0.7251179
1,2.511111,0.4859132,1.22644,0.1103483,-0.1521664,0.3123255,-0.5980021,0.7222822
1,2.522222,0.486939,1.230834,0.1110777,-0.1621695,0.3176463,-0.5945083,0.7206677
1,2.533333,0.4883584,1.237039,0.1122087,-0.1718355,0.3201872,-0.5834998,0.7262787
1,2.544444,0.4899452,1.242179,0.1130847,-0.1828896,0.3209898,-0.5760617,0.7291569
1,2.555555,0.4911666,1.248113,0.1144421,-0.1948697,0.3176328,-0.5674314,0.7342728
1,2.566666,0.4927173,1.254545,0.1158136,-0.206913,0.3142549,-0.5611704,0.7372372
1,2.577777,0.4938375,1.261766,0.1178714,-0.2202244,0.3064027,-0.5569375,0.7398914
1,2.588888,0.4947395,1.269942,0.1202033,0.2345885,-0.2964969,0.5540716,-0.7416621
1,2.599999,0.4950687,1.277923,0.1233357,0.249413,-0.2857014,0.5511201,-0.7432594
1,2.61111,0.4953996,1.286581,0.1263569,0.2638475,-0.273863,0.5469198,-0.7458298
1,2.622221,0.4955182,1.295063,0.1297619,0.277321,-0.26303,0.541194,-0.7490109
1,2.633332,0.4951427,1.305349,0.1333714,0.2902548,-0.249471,0.5325586,-0.7549157
1,2.644443,0.495088,1.31378,0.1368878,0.3023571,-0.2382787,0.5252896,-0.7588639
1,2.655554,0.4938143,1.324175,0.1406547,0.3139414,-0.2242295,0.5142081,-0.7659974
1,2.666665,0.4932192,1.334262,0.1441606,0.3253118,-0.2103232,0.504773,-0.7714536
1,2.677776,0.4911411,1.344339,0.1487833,0.3349267,-0.1945508,0.4946623,-0.7779995
1,2.688887,0.4896824,1.354613,0.1528284,0.3446119,-0.1795791,0.485239,-0.783286
1,2.699998,0.4870829,1.364543,0.1575393,0.3527286,-0.1625958,0.4776697,-0.7880208
1,2.711109,0.4843872,1.374683,0.1620357,0.3597716,-0.143941,0.4725156,-0.7915646
1,2.72222,0.4818897,1.3842,0.1670856,0.3668422,-0.1249103,0.466513,-0.7951037
1,2.733331,0.478889,1.393536,0.1720729,0.3733586,-0.1054543,0.4595845,-0.7989148
1,2.744442,0.4755378,1.402796,0.1778408,0.3790005,-0.08594577,0.4500364,-0.8040144
1,2.755553,0.4724283,1.411236,0.1826307,0.3822354,-0.06966805,0.4398754,-0.8096617
1,2.766664,0.4688725,1.42014,0.1877692,0.3857213,-0.05329332,0.429104,-0.8150145
1,2.777775,0.4651973,1.428196,0.1932815,0.3865933,-0.03885484,0.4164732,-0.8219403
1,2.788886,0.4614317,1.435789,0.1987037,0.3858598,-0.02566729,0.4038615,-0.8290654
1,2.799997,0.4572189,1.443335,0.2037419,0.383997,-0.0131436,0.3917329,-0.8360137
1,2.811108,0.4528591,1.450795,0.2092084,0.3821849,-0.0007647574,0.3799318,-0.8423692
1,2.822219,0.4480912,1.45722,0.2150436,0.3778756,0.009528548,0.369275,-0.848973
1,2.83333,0.4430868,1.463819,0.2206793,0.3731813,0.02098531,0.3602658,-0.8546952
1,2.844441,0.4381425,1.469281,0.2268656,0.3649675,0.03261232,0.3541667,-0.8604075
1,2.855552,0.4333886,1.474077,0.2332389,0.3551311,0.04569197,0.3494779,-0.8658288
1,2.866663,0.4289489,1.478306,0.2397895,0.3432102,0.05912424,0.3454579,-0.8714184
1,2.877774,0.4244776,1.481861,0.2462551,0.330922,0.07164277,0.340942,-0.8769929
1,2.888885,0.4195367,1.484663,0.2531593,0.3193726,0.08237998,0.335226,-0.8825182
1,2.899997,0.4147102,1.487373,0.2600937,0.3080428,0.0922654,0.3288549,-0.8879478
1,2.911108,0.4092175,1.488828,0.2673134,0.2961521,0.09976137,0.3211973,-0.8939652
1,2.922219,0.4038077,1.489774,0.2745327,-0.28208,-0.1065187,-0.3132422,0.9005353
1,2.93333,0.3987334,1.490459,0.2814301,-0.2635792,-0.1129629,-0.3060453,0.9078004
1,2.944441,0.3935476,1.490951,0.2883927,-0.2417325,-0.1197363,-0.3007531,0.9147546
1,2.955552,0.3883534,1.491349,0.2953375,-0.219481,-0.1263195,-0.2958785,0.9210469
1,2.966663,0.3828336,1.490427,0.3024797,-0.1960678,-0.131209,-0.2910862,0.9271518
1,2.977774,0.3766328,1.48901,0.3105674,-0.1722623,-0.1361933,-0.2844387,0.9332051
1,2.988885,0.371529,1.486986,0.3173707,-0.149434,-0.1401529,-0.2771586,0.9387278
1,2.999996,0.3660098,1.485086,0.3245769,-0.1258367,-0.1438834,-0.2692662,0.943906
1,3.011107,0.3601339,1.482425,0.3315754,-0.1003076,-0.1452746,-0.2599752,0.94934
1,3.022218,0.3539959,1.479602,0.3387206,-0.07243372,-0.1458603,-0.2502081,0.9543973
1,3.033329,0.3479663,1.476606,0.3452396,-0.04221521,-0.1457309,-0.2404768,0.9587238
1,3.04444,0.3479663,1.476606,0.3452396,-0.04221521,-0.1457309,-0.2404768,0.9587238
1,3.055551,0.3382533,1.471206,0.3566087,0.007274939,-0.1479208,-0.2256886,0.9628765
1,3.066662,0.3321304,1.466396,0.3643038,-0.03853514,0.1513288,0.2162636,-0.9637659
1,3.077773,0.3264,1.461649,0.3712346,-0.0640821,0.1554818,0.2074732,-0.9636772
1,3.088884,0.3205236,1.454817,0.3784626,-0.08755564,0.1617939,0.1973665,-0.9629139
1,3.099995,0.3140362,1.447411,0.3848272,-0.1091537,0.1669999,0.1873776,-0.9618139
1,3.111106,0.3071049,1.439709,0.3906642,-0.132558,0.1705506,0.1800606,-0.9596453
1,3.122217,0.2999461,1.432817,0.3957926,-0.1607301,0.172793,0.1747381,-0.9559157
1,3.133328,0.2932527,1.426367,0.4017085,-0.1912339,0.1761101,0.169245,-0.9506688
1,3.144439,0.2864894,1.419776,0.4068545,-0.22516,0.1811937,0.1655769,-0.9428977
1,3.15555,0.279554,1.412693,0.4120761,-0.2570868,0.1875093,0.1613839,-0.9341852
1,3.166661,0.272559,1.404791,0.416865,-0.2857573,0.1953951,0.1596901,-0.9244796
1,3.177772,0.2651477,1.396403,0.4201164,-0.3099972,0.2037434,0.1591968,-0.9149026
1,3.188883,0.2576205,1.388112,0.4237105,-0.3333493,0.2110277,0.156166,-0.9055151
1,3.199994,0.2497924,1.380222,0.4248521,-0.3544257,0.2192555,0.1543938,-0.8958081
1,3.211105,0.2418438,1.372701,0.4270329,-0.3780802,0.2263279,0.1520669,-0.8847071
1,3.222216,0.2337942,1.366169,0.4290333,-0.4015124,0.2334119,0.1481944,-0.8731238
1,3.233327,0.2259714,1.359224,0.4312297,-0.4237059,0.2419629,0.1442114,-0.8608892
1,3.244438,0.2182516,1.353455,0.4318316,-0.4418438,0.2525338,0.1399784,-0.8493567
1,3.255549,0.2106524,1.348051,0.4320544,-0.4567434,0.262888,0.1347221,-0.8391218
1,3.26666,0.2026734,1.343898,0.431917,-0.4703739,0.2725152,0.1295419,-0.8292785
1,3.277771,0.1949393,1.340183,0.431284,-0.4829117,0.2813084,0.1266139,-0.8195309
1,3.288882,0.1871928,1.336591,0.4311076,-0.4962538,0.2898105,0.1243307,-0.8088782
1,3.299993,0.1801916,1.335853,0.430341,-0.5051279,0.3007222,0.1243255,-0.7993467
1,3.311104,0.173252,1.333587,0.4298007,-0.5141857,0.3120679,0.1249755,-0.7890551
1,3.322215,0.1673588,1.33253,0.4286918,-0.5173774,0.3259223,0.1304364,-0.7804368
1,3.333326,0.1609729,1.331287,0.4278889,-0.5205742,0.3388577,0.136026,-0.7717997
1,3.344437,0.1557951,1.331154,0.4262583,-0.5188441,0.3522584,0.1469058,-0.7649401
1,3.355548,0.1503544,1.331721,0.4249882,-0.5173982,0.3635193,0.158345,-0.7583401
1,3.366659,0.1453068,1.333297,0.4237459,-0.5150876,0.3743688,0.1690959,-0.7522893
1,3.37777,0.1403416,1.335832,0.4227051,-0.5121645,0.3852802,0.1784758,-0.7465876
1,3.388881,0.1355564,1.339414,0.4220567,-0.508402,0.3966898,0.1856495,-0.7414168
1,3.399992,0.1306844,1.34262,0.4212758,-0.5030399,0.4089372,0.1922521,-0.7367227
1,3.411103,0.126431,1.346941,0.4204825,-0.4935338,0.4226112,0.1979202,-0.7339289
1,3.422215,0.1223321,1.351579,0.4191884,-0.4812593,0.4362333,0.2046614,-0.7322593
1,3.433326,0.1184576,1.356149,0.4182873,-0.4707435,0.4488489,0.2119256,-0.7293989
1,3.444437,0.1150478,1.361829,0.4172901,-0.4589095,0.4610517,0.2194793,-0.7270916
1,3.455548,0.1126515,1.368325,0.4170864,-0.4502684,0.4723158,0.2286187,-0.7224331
1,3.466659,0.1097421,1.375108,0.4163956,-0.4420902,0.4839988,0.2374742,-0.7168735
1,3.47777,0.1072645,1.381603,0.4165667,-0.4344754,0.4954754,0.247815,-0.7101571
1,3.488881,0.1053065,1.388042,0.4164218,-0.4243046,0.506735,0.2584925,-0.7045332
1,3.499992,0.103534,1.394404,0.4158649,-0.4098445,0.5179974,0.2692406,-0.7008678
1,3.511103,0.102115,1.400645,0.4149424,-0.3920026,0.5285323,0.2801755,-0.6989201
1,3.522214,0.1007371,1.406728,0.4140199,-0.3746789,0.5382075,0.2909025,-0.6966521
1,3.533325,0.1017485,1.412362,0.4136309,-0.3552982,0.5460648,0.3030453,-0.6955141
1,3.544436,0.1000427,1.419955,0.4133869,-0.3377672,0.5529644,0.3134183,-0.6941993
1,3.555547,0.1009309,1.428959,0.4131652,-0.3232686,0.5604069,0.3237138,-0.6903991
1,3.566658,0.1024707,1.435321,0.413051,-0.3104392,0.5672446,0.3319726,-0.6867716
1,3.577769,0.1033404,1.442912,0.4137028,-0.2950256,0.57424,0.3400207,-0.6838086
1,3.58888,0.1044021,1.449712,0.4140334,0.2759795,-0.5809495,-0.3490766,0.6815267
1,3.599991,0.1050019,1.456176,0.4140691,0.2551101,-0.586676,-0.3581657,0.6800348
1,3.611102,0.1063911,1.462118,0.4137712,0.2283175,-0.5908425,-0.367856,0.6807777
1,3.622213,0.1080681,1.468106,0.4134653,0.2015079,-0.5935258,-0.3776166,0.6815625
1,3.633324,0.1100414,1.474286,0.4138575,0.1779785,-0.5949262,-0.3869075,0.681681
1,3.644435,0.112032,1.481008,0.4143539,0.1580729,-0.5961359,-0.3953985,0.6806577
1,3.655546,0.1155086,1.488034,0.4156313,0.14813,-0.5963738,-0.4046992,0.6772107
1,3.666657,0.1183042,1.494541,0.4164935,0.1345548,-0.5974067,-0.4141126,0.6734323
1,3.677768,0.1211,1.500178,0.417692,0.1218347,-0.5977662,-0.42434,0.6691543
1,3.688879,0.1239888,1.504971,0.4188114,0.1034413,-0.5976422,-0.4346847,0.6657124
1,3.69999,0.1265349,1.509836,0.4197938,0.0837204,-0.5968041,-0.4444713,0.6627677
1,3.711101,0.1298994,1.51421,0.4206626,0.06209472,-0.5945653,-0.4535097,0.6610335
1,3.722212,0.1337204,1.519001,0.4216338,0.04400863,-0.5917342,-0.4611568,0.6597335
1,3.733323,0.1375616,1.523902,0.4227988,0.02885668,-0.5887833,-0.4686791,0.6579067
1,3.744434,0.1421431,1.528622,0.423917,0.01733239,-0.5848865,-0.4753138,0.6570268
1,3.755545,0.1471174,1.533255,0.4253832,0.006537125,-0.5810012,-0.4821384,0.6556962
1,3.766656,0.1518389,1.53686,0.4265969,-0.005799294,-0.5767547,-0.488619,0.654654
1,3.777767,0.1564217,1.540061,0.4275609,-0.01985665,-0.5715372,-0.4951835,0.6540216
1,3.788878,0.1610856,1.543413,0.4288494,-0.0329387,-0.5663217,-0.5018257,0.6529669
1,3.799989,0.165884,1.546052,0.4297696,-0.0435852,-0.5602884,-0.5084025,0.65246
1,3.8111,0.1710838,1.548436,0.4307272,-0.05232199,-0.5539166,-0.5159208,0.651356
1,3.822211,0.175973,1.550334,0.4315148,-0.05968994,-0.5475494,-0.5243371,0.6493824
1,3.833322,0.1809164,1.552182,0.4326235,-0.06748174,-0.5417172,-0.5324581,0.646898
1,3.844433,0.1856108,1.553181,0.4335133,-0.07572864,-0.5362752,-0.5400385,0.6442301
1,3.855544,0.1904486,1.55373,0.4349135,-0.08619924,-0.5313888,-0.547367,0.6407692
1,3.866655,0.1951728,1.553967,0.4364672,-0.09573491,-0.5267361,-0.5531822,0.6382579
1,3.877766,0.200256,1.554362,0.4375715,-0.1030027,-0.5215247,-0.5579676,0.6372399
1,3.888877,0.2054995,1.554671,0.4386739,-0.1091896,-0.5160389,-0.5627921,0.6364325
1,3.899988,0.2111754,1.554786,0.4395209,-0.1121701,-0.5105492,-0.566618,0.6369469
1,3.911099,0.2170094,1.554686,0.4404781,-0.1124196,-0.5055999,-0.5708106,0.6371075
1,3.92221,0.2227433,1.554559,0.4411196,-0.1128754,-0.5001703,-0.5756716,0.6369388
1,3.933321,0.2285985,1.553823,0.4413903,-0.1109339,-0.4937475,-0.5811515,0.6373146
1,3.944432,0.2340523,1.553027,0.4418283,-0.1124465,-0.4871095,-0.5869493,0.6368443
1,3.955544,0.2385517,1.551537,0.4422728,-0.1160579,-0.4792676,-0.593302,0.6362593
1,3.966655,0.2432195,1.549621,0.4427662,-0.1216316,-0.4709705,-0.5988858,0.6361827
1,3.977766,0.2477839,1.547942,0.4434489,-0.1267285,-0.4630988,-0.6035002,0.6366057
1,3.988877,0.2526558,1.545683,0.4441981,-0.1316769,-0.4554155,-0.6068607,0.6379483
1,3.999988,0.2574584,1.543164,0.4449393,-0.1342773,-0.4483118,-0.6100324,0.6394111
1,4.011099,0.262147,1.540767,0.4456303,-0.1353246,-0.4410955,-0.6130617,0.6413091
1,4.02221,0.2669429,1.538338,0.4461688,-0.1363675,-0.4332431,-0.6163025,0.6433316
1,4.033321,0.2717675,1.535574,0.4467895,-0.1356319,-0.4256962,-0.6190141,0.6459166
1,4.044433,0.2763615,1.532663,0.447216,-0.1346561,-0.4173464,-0.6220054,0.6486902
1,4.055544,0.2808377,1.529319,0.4476563,-0.1350628,-0.4077345,-0.6250921,0.6517441
1,4.066655,0.2846874,1.525523,0.4481124,-0.1376652,-0.3971626,-0.6277024,0.6552097
1,4.077766,0.2883909,1.521782,0.4485016,-0.140592,-0.3870843,-0.6301978,0.6582174
1,4.088878,0.2916041,1.517276,0.4488996,-0.1432649,-0.3773142,-0.6342129,0.6594568
1,4.099989,0.2947851,1.512566,0.4494812,-0.1428066,-0.3695186,-0.6400759,0.6583047
1,4.1111,0.2981243,1.50742,0.4503387,-0.1398488,-0.3629982,-0.646726,0.6560639
1,4.122211,0.3015499,1.50252,0.45079,-0.1365706,-0.3557158,-0.6527347,0.6547917
1,4.133323,0.305157,1.49685,0.4507164,-0.1288505,-0.3476372,-0.6587206,0.6547009
1,4.144434,0.3086572,1.491931,0.450731,-0.1231341,-0.3389329,-0.6630839,0.655959
1,4.155545,0.3125431,1.486563,0.4504806,-0.1163028,-0.3286375,-0.6658105,0.6596721
1,4.166656,0.3160397,1.480891,0.4501402,-0.1125404,-0.3172736,-0.6668177,0.6648506
1,4.177768,0.3191045,1.474633,0.4498941,-0.1111426,-0.3052687,-0.6671643,0.6703358
1,4.188879,0.3220073,1.468145,0.4495842,-0.1093371,-0.2935788,-0.6686206,0.6743912
1,4.19999,0.3246442,1.461619,0.4490208,-0.1071926,-0.2830434,-0.6703561,0.6775093
1,4.211102,0.3275225,1.45483,0.4486072,-0.1024159,-0.2734626,-0.6732937,0.6792678
1,4.222213,0.330678,1.447362,0.4477661,-0.0921979,-0.2657307,-0.6789375,0.6781818
1,4.233324,0.3341907,1.440027,0.446714,-0.08072799,-0.2558745,-0.6837732,0.6785761
1,4.244435,0.3374621,1.433726,0.4458633,-0.07032829,-0.2469548,-0.6871616,0.6796147
1,4.255547,0.340922,1.426805,0.4446284,-0.05753698,-0.236875,-0.6899796,0.6815481
1,4.266658,0.3443284,1.419775,0.4438047,-0.0469128,-0.2258617,-0.6915779,0.6844748
1,4.277769,0.3473963,1.412652,0.4423875,-0.03767111,-0.2133128,-0.6908566,0.6897795
1,4.28888,0.3502222,1.405524,0.4407159,-0.02965555,-0.1996891,-0.6882627,0.6968065
1,4.299992,0.3532968,1.398483,0.4389921,-0.02079806,-0.1862805,-0.6852419,0.703783
1,4.311103,0.3562711,1.391112,0.4373731,-0.01118056,-0.1738819,-0.6822063,0.7100948
1,4.322214,0.3589167,1.383786,0.4359227,-0.00217241,-0.1619897,-0.6791394,0.715908
1,4.333325,0.3616832,1.37658,0.4341589,0.006648175,-0.1498345,-0.6761491,0.7213375
1,4.344437,0.3641642,1.369275,0.432255,0.01675517,-0.1382079,-0.6735622,0.7259008
1,4.355548,0.3672338,1.362442,0.4300463,0.02953612,-0.1273304,-0.6716628,0.7292349
1,4.366659,0.3699304,1.355775,0.4281928,0.04227114,-0.1178877,-0.6698663,0.7318435
1,4.37777,0.3730281,1.348893,0.425958,0.05410939,-0.1080027,-0.6667011,0.7354708
1,4.388882,0.3763074,1.342386,0.4235788,0.0665672,-0.09905992,-0.6620142,0.7399279
1,4.399993,0.3797555,1.33601,0.4209448,0.07892323,-0.09002035,-0.6565184,0.744749
1,4.411104,0.3832213,1.329811,0.4180873,-0.09086691,0.08087552,0.650235,-0.7499312
1,4.422215,0.3864303,1.323416,0.4152291,-0.1022037,0.07204018,0.6441182,-0.7546366
1,4.433327,0.3895104,1.317852,0.4124827,-0.1125662,0.06414638,0.6382466,-0.7588513
1,4.444438,0.3926654,1.312158,0.4097794,-0.1237354,0.05699902,0.6320507,-0.7628583
1,4.455549,0.396096,1.306779,0.4066363,-0.1345197,0.05066634,0.626223,-0.766278
1,4.46666,0.3992784,1.301353,0.4036223,-0.1450734,0.04406236,0.6201339,-0.7697052
1,4.477772,0.4023978,1.296409,0.4002564,-0.1550028,0.03750168,0.6133339,-0.7735563
1,4.488883,0.4056903,1.291719,0.3965363,-0.1647771,0.03024445,0.6063874,-0.777321
1,4.499994,0.4083435,1.287453,0.3928046,-0.175068,0.02165848,0.5995393,-0.780663
1,4.511106,0.4112368,1.28376,0.3888878,-0.1865145,0.01233452,0.5930567,-0.7831628
1,4.522217,0.4147,1.280547,0.38503,-0.1998933,0.003224246,0.5860057,-0.7852577
1,4.533328,0.4186123,1.277322,0.3815851,-0.2134026,-0.00564234,0.5778849,-0.7877034
1,4.544439,0.42255,1.274703,0.3779668,-0.2268944,-0.01359562,0.5667604,-0.7919071
1,4.555551,0.4260726,1.272299,0.374106,-0.2377853,-0.02110689,0.5540316,-0.7975347
1,4.566662,0.4299089,1.269562,0.3701023,-0.2474674,-0.02901188,0.5406613,-0.8034946
1,4.577773,0.4334026,1.267609,0.3657444,-0.2560922,-0.03827763,0.5258861,-0.8101823
1,4.588884,0.4368217,1.265728,0.3614501,-0.2649361,-0.04953787,0.5133989,-0.8147247
1,4.599996,0.4403504,1.264366,0.357145,-0.2741248,-0.06281079,0.5026222,-0.8174847
1,4.611107,0.4440247,1.263513,0.3522658,-0.285555,-0.07806328,0.4929644,-0.8181384
1,4.622218,0.4476897,1.262963,0.3480614,-0.2957617,-0.09107839,0.4868791,-0.81681
1,4.633329,0.4515398,1.26187,0.343399,-0.3054063,-0.1038909,0.4793001,-0.8162139
1,4.644441,0.4551302,1.260316,0.3390274,-0.3129493,-0.1152953,0.4730776,-0.8154553
1,4.655552,0.4593186,1.258597,0.3332098,-0.3154201,-0.1246902,0.4706771,-0.8145093
1,4.666663,0.463014,1.257121,0.327797,-0.3180068,-0.1355138,0.4664838,-0.814187
1,4.677774,0.4668103,1.255839,0.3226588,-0.321545,-0.1469265,0.4615268,-0.8136427
1,4.688886,0.4704202,1.255333,0.317542,-0.3252906,-0.1588478,0.4586882,-0.8115162
1,4.699997,0.4744146,1.254791,0.3125922,-0.3301906,-0.1704297,0.4563841,-0.8084809
1,4.711108,0.4786382,1.25466,0.3074189,-0.3352981,-0.1817719,0.4550821,-0.8046331
1,4.722219,0.4831451,1.254953,0.3024434,-0.3398848,-0.1925973,0.4549876,-0.8002317
1,4.733331,0.4876504,1.255209,0.2974556,0.3418194,0.201574,-0.4557764,0.7967404
1,4.744442,0.4920979,1.255806,0.2924579,0.341345,0.2108559,-0.4555433,0.7946721
1,4.755553,0.4960919,1.256984,0.2874126,0.3388772,0.2216128,-0.4533466,0.7940573
1,4.766665,0.4999603,1.258761,0.2820991,0.3342665,0.2351447,-0.4502482,0.7938825
1,4.777776,0.502948,1.260547,0.2777984,0.3295495,0.2466299,-0.4473476,0.7940094
1,4.788887,0.5053006,1.263767,0.273496,0.3198328,0.2617914,-0.4421052,0.7960623
1,4.799998,0.5084243,1.266098,0.2690434,0.3133727,0.2748081,-0.4381973,0.7964051
1,4.81111,0.5108208,1.270282,0.2651731,0.3010262,0.287479,-0.4341954,0.7988827
1,4.822221,0.5133298,1.27354,0.2610713,0.289817,0.2986885,-0.4310281,0.8006285
1,4.833332,0.5157509,1.277699,0.2569675,0.2741135,0.3075735,-0.4297424,0.8034811
1,4.844443,0.5179396,1.281644,0.2530647,0.2591512,0.3164348,-0.4289069,0.8054493
1,4.855555,0.5197378,1.286848,0.2495384,0.2388193,0.3224213,-0.432179,0.8076084
1,4.866666,0.521587,1.291804,0.2460096,0.219864,0.328822,-0.4347063,0.8090529
1,4.877777,0.5227242,1.297484,0.2429338,0.1983329,0.3333825,-0.4376382,0.8111678
1,4.888888,0.5235453,1.303312,0.2400766,0.175613,0.336652,-0.439229,0.8141887
1,4.9,0.5238641,1.309567,0.2376699,0.1531308,0.3395224,-0.439435,0.817418
1,4.911111,0.5239372,1.316436,0.2359795,0.1304283,0.3414927,-0.43953,0.8204783
1,4.922222,0.523793,1.323405,0.2342537,0.1071652,0.3430204,-0.4383228,0.8238481
1,4.933333,0.5231887,1.330292,0.2329131,0.08375651,0.3447442,-0.4360443,0.8270439
1,4.944445,0.5220065,1.337271,0.2319834,0.05873387,0.3452801,-0.4313922,0.8314041
1,4.955556,0.5205367,1.344852,0.2312843,0.0318137,0.3440072,-0.4260635,0.8361321
1,4.966667,0.518866,1.351308,0.2310479,0.006070815,0.3402774,-0.4210136,0.8407865
1,4.977778,0.5172323,1.357839,0.2305761,-0.01904785,0.3360741,-0.4163048,0.8446193
1,4.98889,0.5152265,1.364496,0.2305868,-0.04402085,0.3283498,-0.4121985,0.848729
1,5.000001,0.5126396,1.372077,0.2306719,-0.06556521,0.3199014,-0.410309,0.8514757
1,5.011112,0.5103906,1.380186,0.2308618,-0.08349636,0.3100623,-0.4114536,0.8529922
1,5.022223,0.5082974,1.387946,0.2314196,-0.1008978,0.2999853,-0.4127511,0.8540872
1,5.033335,0.5056189,1.395726,0.2325224,-0.1171726,0.2881995,-0.4134636,0.8557215
1,5.044446,0.5025449,1.402583,0.233701,0.1359686,-0.2761646,0.4100063,-0.8585689
1,5.055557,0.498731,1.409405,0.2351468,0.1558248,-0.2648998,0.4030339,-0.8620386
1,5.066669,0.4948154,1.415985,0.2369464,0.1734548,-0.2530834,0.3949071,-0.8659737
1,5.07778,0.4914784,1.422763,0.2383712,0.190192,-0.2405599,0.3877863,-0.8692409
1,5.088891,0.4872948,1.429622,0.2399876,0.2029596,-0.2279695,0.3793871,-0.8734431
1,5.100002,0.4834871,1.436762,0.2412673,0.2125003,-0.2152137,0.3728328,-0.8772243
1,5.111114,0.4794395,1.443897,0.2428879,0.2196033,-0.2017123,0.3689691,-0.8803115
1,5.122225,0.4751464,1.450565,0.2447593,0.2285611,-0.1878791,0.3647647,-0.8828409
1,5.133336,0.471214,1.456272,0.2471523,0.2385193,-0.1747336,0.3603518,-0.8847165
1,5.144447,0.4663119,1.461151,0.2501281,0.2513698,-0.1615295,0.3542433,-0.8861338
1,5.155559,0.4613597,1.465536,0.2536026,0.2649908,-0.1489502,0.3471073,-0.8871924
1,5.16667,0.4556103,1.469913,0.2571279,0.2777766,-0.1377289,0.3391759,-0.8881614
1,5.177781,0.4506536,1.4742,0.2605509,0.2880061,-0.1266776,0.3327368,-0.8889834
1,5.188892,0.4454657,1.478363,0.2639391,0.2954468,-0.1144435,0.32776,-0.890049
1,5.200004,0.4405133,1.482542,0.2673537,0.3019711,-0.1021822,0.3218187,-0.8915183
1,5.211115,0.4357356,1.486583,0.2701519,0.3016277,-0.08934182,0.3164111,-0.8949429
1,5.222226,0.4309323,1.490681,0.2733065,0.3029458,-0.07580034,0.3118824,-0.8973336
1,5.233337,0.4263656,1.494498,0.2765789,0.3012954,-0.06287832,0.3089316,-0.8999048
1,5.244449,0.4213879,1.497897,0.2800247,0.3026405,-0.05108179,0.3051783,-0.9014797
1,5.25556,0.4162491,1.500458,0.2842241,0.3049133,-0.04136431,0.2999747,-0.9029574
1,5.266671,0.4110548,1.501573,0.2891675,0.3103563,-0.0315299,0.2924004,-0.903984
1,5.277782,0.4061733,1.503487,0.2932522,0.3121951,-0.02025154,0.2873074,-0.9053058
1,5.288894,0.4014556,1.505224,0.2973297,0.3109859,-0.009281568,0.2829657,-0.9072663
1,5.300005,0.3967617,1.506843,0.301731,0.3069416,0.003283016,0.2807174,-0.909381
1,5.311116,0.3927179,1.508464,0.3057612,0.3023669,0.01622473,0.2787657,-0.911373
1,5.322227,0.3883354,1.509447,0.3097532,0.2950295,0.02892001,0.278326,-0.913595
1,5.333339,0.3840327,1.510508,0.3137414,0.2862627,0.04033179,0.2791157,-0.9157082
1,5.34445,0.3788699,1.511272,0.318378,0.2778419,0.05106615,0.2798918,-0.9175274
1,5.355561,0.3746417,1.511654,0.3222635,0.2720599,0.05907587,0.2794603,-0.91891
1,5.366673,0.3698006,1.511081,0.3267582,0.2662643,0.0659927,0.2764597,-0.921042
1,5.377784,0.3652078,1.51105,0.3313531,0.2604539,0.07417849,0.2731952,-0.9230524
1,5.388895,0.3608766,1.510369,0.3359431,-0.2542196,-0.08225901,-0.2688567,0.9253767
1,5.400006,0.3564523,1.509693,0.3406489,-0.2473373,-0.09120686,-0.2654891,0.9273732
1,5.411118,0.3525651,1.508965,0.3450632,-0.23805,-0.1003994,-0.2624847,0.9297065
1,5.422229,0.3486957,1.508177,0.3495833,-0.2276959,-0.1102937,-0.2613735,0.9314901
1,5.43334,0.3447604,1.506928,0.3540907,-0.2178641,-0.1192519,-0.2610214,0.9328355
1,5.444451,0.3405944,1.505522,0.359039,-0.2084638,-0.1275264,-0.260309,0.9340873
1,5.455563,0.3367994,1.504152,0.3635871,-0.1987171,-0.1357767,-0.2596231,0.935239
1,5.466674,0.3334337,1.502688,0.3682829,-0.1887493,-0.1435316,-0.2593452,0.9362224
1,5.477785,0.3301693,1.501015,0.3729684,-0.1801962,-0.1498858,-0.2581125,0.9372521
1,5.488896,0.3266617,1.499014,0.3778484,-0.1732792,-0.1559461,-0.2560606,0.9381301
1,5.500008,0.32301,1.495803,0.3831697,-0.1715519,-0.1587324,-0.2532007,0.9387562
1,5.511119,0.3193887,1.49322,0.3879662,-0.1673678,-0.1621411,-0.2516319,0.9393507
1,5.52223,0.3156701,1.490535,0.3929313,-0.1616775,-0.1635809,-0.2517566,0.940064
1,5.533341,0.3126676,1.48821,0.3975592,-0.1530655,-0.1645666,-0.2531866,0.9409491
1,5.544453,0.3098214,1.486067,0.4021519,-0.1437463,-0.1661856,-0.2544312,0.9417983
1,5.555564,0.3076679,1.483902,0.4068528,-0.1315069,-0.1676696,-0.2570519,0.9426118
1,5.566675,0.3061731,1.481777,0.4114833,-0.1178875,-0.1690463,-0.2594773,0.9435027
1,5.577786,0.3043442,1.479517,0.4159932,-0.1068235,-0.1704783,-0.2605204,0.9442749
1,5.588898,0.3032021,1.476967,0.4203701,-0.09729424,-0.1720817,-0.2603579,0.9450585
1,5.600009,0.3021053,1.474157,0.4248013,-0.08919325,-0.1736483,-0.259769,0.9457331
1,5.61112,0.3011806,1.470769,0.4282615,-0.08493479,-0.1725764,-0.2574202,0.9469626
1,5.622231,0.2998458,1.467985,0.4320809,-0.07805307,-0.1712535,-0.2562397,0.9481146
1,5.633343,0.2991563,1.465311,0.4348291,-0.07001109,-0.1689062,-0.2556125,0.9493321
1,5.644454,0.2987042,1.463041,0.437385,-0.05983465,-0.1671551,-0.256193,0.9501811
1,5.655565,0.2986551,1.461028,0.4392815,-0.04806502,-0.1651379,-0.2570992,0.9509569
1,5.666677,0.298583,1.459236,0.4410419,-0.03823248,-0.1638275,-0.257596,0.9514952
1,5.677788,0.2989413,1.457569,0.4419046,-0.02944478,-0.1624184,-0.257034,0.9522011
1,5.688899,0.2992607,1.455537,0.4427202,-0.02250334,-0.1612855,-0.2558168,0.9529104
1,5.70001,0.2999636,1.453267,0.4428223,-0.01889725,-0.1609893,-0.2535259,0.9536508
1,5.711122,0.3005297,1.450837,0.4420068,-0.0177477,-0.1614394,-0.2525844,0.9538466
1,5.722233,0.3011366,1.448679,0.4409673,-0.01602652,-0.1619426,-0.2542223,0.9533566
1,5.733344,0.3020301,1.446918,0.4391646,-0.01262731,-0.1632566,-0.2587283,0.9519703
1,5.744455,0.3030962,1.445349,0.4375272,-0.008156359,-0.1646375,-0.2631654,0.950564
1,5.755567,0.3044872,1.444137,0.4347869,-0.004647151,-0.166645,-0.268873,0.9486386
1,5.766678,0.3062564,1.44338,0.4315568,-0.00100743,-0.16842,-0.2729276,0.947177
1,5.777789,0.3080645,1.443117,0.4282299,0.002052929,-0.1699985,-0.2754751,0.9461552
1,5.7889,0.3101149,1.443065,0.4242239,0.003866114,-0.1710013,-0.276697,0.9456122
1,5.800012,0.3119821,1.442873,0.4202477,0.004901744,-0.1714353,-0.2773232,0.9453453
1,5.811123,0.3138083,1.443198,0.4152873,0.004359186,-0.170845,-0.2765185,0.9456906
1,5.822234,0.3156075,1.44358,0.4096232,0.003286675,-0.1698576,-0.2762039,0.9459646
1,5.833345,0.3174147,1.443931,0.4040951,0.00223678,-0.1694019,-0.2764367,0.9459814
1,5.844457,0.3198107,1.444465,0.3972397,-0.0007158667,-0.17038,-0.2779287,0.9453707
1,5.855568,0.3220456,1.445061,0.3910669,-0.002910826,-0.1719734,-0.2797655,0.9445359
1,5.866679,0.3250753,1.445714,0.3837031,-0.006281953,-0.1756561,-0.2832188,0.942811
1,5.87779,0.3279313,1.446319,0.3769946,-0.009862699,-0.1802934,-0.2874451,0.9406234
1,5.888902,0.3310215,1.446839,0.3695666,-0.01396343,-0.1858002,-0.29295,0.9377972
1,5.900013,0.3340288,1.447525,0.3621333,-0.01728526,-0.1908484,-0.2985306,0.9349639
1,5.911124,0.337514,1.448075,0.3542178,-0.0206367,-0.197239,-0.3069738,0.9308265
1,5.922235,0.3415094,1.448519,0.3451393,-0.02552212,-0.2037228,-0.31778,0.9256681
1,5.933347,0.3445923,1.448864,0.3375347,-0.0301025,-0.2081536,-0.3257105,0.9217802
1,5.944458,0.3483121,1.449033,0.3285378,-0.03689799,-0.2114651,-0.3339178,0.9178345
1,5.955569,0.3516303,1.449318,0.3194364,-0.04419727,-0.2139549,-0.3406272,0.9144633
1,5.966681,0.3548833,1.449723,0.3097507,-0.05381577,-0.2130442,-0.3439017,0.9129335
1,5.977792,0.3580292,1.450042,0.2998382,-0.06509338,-0.2100655,-0.3439672,0.9128647
1,5.988903,0.3615842,1.450497,0.2900349,-0.07508019,-0.2085566,-0.3442035,0.9123547
1,6.000014,0.3655148,1.450293,0.2803153,-0.08641481,-0.2061343,-0.3406506,0.9132351
1,6.011126,0.369562,1.450219,0.2706362,-0.09543972,-0.2055263,-0.3405079,0.9125265
1,6.022237,0.3741069,1.450061,0.2606015,-0.1026331,-0.2044899,-0.340836,0.9118559
1,6.033348,0.3785813,1.449613,0.2504244,-0.108146,-0.2029178,-0.3429798,0.9107655
1,6.044459,0.3831154,1.449122,0.2402681,-0.113613,-0.201558,-0.3461567,0.9091985
1,6.055571,0.3873454,1.447968,0.2298293,-0.118836,-0.1987557,-0.3508663,0.9073405
1,6.066682,0.391324,1.446256,0.2191515,-0.1255405,-0.1943637,-0.355724,0.9054959
1,6.077793,0.3953419,1.444802,0.2088158,-0.1325305,-0.1914954,-0.3602516,0.9033183
1,6.088904,0.3992953,1.442682,0.198568,-0.1402049,-0.1885983,-0.3644059,0.9011002
1,6.100016,0.4030582,1.439698,0.1890733,-0.1499654,-0.1862826,-0.3681487,0.8984852
1,6.111127,0.4070293,1.436048,0.1796706,-0.1599272,-0.1849575,-0.372989,0.8950381
1,6.122238,0.4107293,1.432558,0.1703938,-0.168947,-0.1835015,-0.3789952,0.8911492
1,6.133349,0.414318,1.428376,0.1614504,-0.1768984,-0.1825274,-0.3885936,0.8856555
1,6.144461,0.4172834,1.424142,0.1528594,-0.1852691,-0.1802251,-0.3995792,0.8795061
1,6.155572,0.4198162,1.419374,0.1446959,-0.1952706,-0.1766731,-0.4105508,0.8729857
1,6.166683,0.421984,1.414075,0.1371246,-0.2067991,-0.1724291,-0.4210358,0.866159
1,6.177794,0.4237993,1.408494,0.1299601,-0.2188445,-0.1674869,-0.4311042,0.8591881
1,6.188906,0.4251782,1.403008,0.1234362,-0.2304602,-0.160839,-0.4405756,0.8525913
1,6.200017,0.4266438,1.397672,0.1172052,-0.2411287,-0.1534115,-0.4490914,0.8465452
1,6.211128,0.4279692,1.392409,0.1113617,-0.2513549,-0.1462592,-0.4573804,0.8403762
1,6.222239,0.4288431,1.387062,0.1069727,0.2610133,0.1390493,0.4652324,-0.8343238
1,6.233351,0.4298595,1.381734,0.1026702,0.2703917,0.1315938,0.472248,-0.828585
1,6.244462,0.4311511,1.376083,0.1001919,0.2771683,0.1260704,0.4795441,-0.8229954
1,6.255573,0.4325539,1.370693,0.09746174,0.2829792,0.1210391,0.4876333,-0.8169981
1,6.266685,0.433614,1.365679,0.0954164,0.2883805,0.1163884,0.4955578,-0.810995
1,6.277796,0.4348995,1.360359,0.0946712,0.2937678,0.1128586,0.5038475,-0.804426
1,6.288907,0.4359785,1.355218,0.09521244,0.2994854,0.1099474,0.5108881,-0.7982565
1,6.300018,0.4373196,1.350074,0.0954376,0.3058483,0.1060553,0.5172405,-0.7922571
1,6.31113,0.4383924,1.344982,0.09737273,0.3112825,0.1017924,0.5234153,-0.7866244
1,6.322241,0.4393079,1.340785,0.1003982,0.3131624,0.09686976,0.5301992,-0.7819426
1,6.333352,0.4403167,1.336214,0.1023608,0.3164456,0.0923629,0.5372574,-0.7763284
1,6.344463,0.442255,1.331968,0.1066493,0.3152071,0.08825929,0.5444046,-0.7723202
1,6.355575,0.4444491,1.327623,0.1111263,0.3142473,0.08554096,0.5499025,-0.7691154
1,6.366686,0.4464964,1.32319,0.1157928,0.313585,0.0825395,0.5545328,-0.7663844
1,6.377797,0.4491484,1.31881,0.121272,0.3123303,0.07827529,0.5568476,-0.7656654
1,6.388908,0.451105,1.314782,0.1274641,0.3107972,0.0712375,0.5580245,-0.7661195
1,6.40002,0.4531465,1.310739,0.1339093,0.3082276,0.06208051,0.5591289,-0.7671484
1,6.411131,0.4548963,1.307084,0.1401656,0.3051049,0.05348936,0.5603772,-0.7681323
1,6.422242,0.4570881,1.303298,0.1472451,0.299229,0.0450769,0.5625036,-0.7694283
1,6.433353,0.459244,1.300034,0.1543119,0.2905318,0.03863081,0.5670356,-0.7697854
1,6.444465,0.4613399,1.296579,0.1614309,0.2809041,0.03342085,0.5728644,-0.7692869
1,6.455576,0.4636091,1.293216,0.1694511,0.2690418,0.03116092,0.5819265,-0.7668163
1,6.466687,0.4658242,1.289525,0.1779049,0.2586132,0.03100345,0.5912414,-0.7632768
1,6.477798,0.4674634,1.285297,0.1873114,0.2524348,0.03159867,0.5974158,-0.7605081
1,6.48891,0.4692628,1.28052,0.1972407,0.250109,0.03221774,0.6008031,-0.7585797
1,6.500021,0.4705568,1.275967,0.2068859,0.2474817,0.03175167,0.6036408,-0.7572069
1,6.511132,0.4717249,1.271668,0.2160009,0.2444828,0.02934667,0.6044879,-0.7576023
1,6.522243,0.4729435,1.268297,0.2247563,0.2360366,0.02533568,0.6079735,-0.7576365
1,6.533355,0.4741746,1.265717,0.2327683,0.2235712,0.02154559,0.6143338,-0.7564031
1,6.544466,0.4756663,1.263226,0.2406737,0.2109653,0.01786124,0.6209924,-0.7546808
1,6.555577,0.4766215,1.261375,0.2481896,0.1958424,0.01300985,0.6282711,-0.7528292
1,6.566689,0.4773683,1.259299,0.2557119,0.1846053,0.007738136,0.6336905,-0.7511973
1,6.5778,0.4766231,1.257248,0.2634699,0.1777411,0.001779698,0.6363992,-0.7506004
1,6.588911,0.4760198,1.254488,0.2709163,0.1749323,-0.0002474412,0.6368373,-0.7508907
1,6.600022,0.4752874,1.251555,0.2786576,0.1724566,0.001579925,0.637846,-0.7506055
1,6.611134,0.4747291,1.249088,0.2856033,0.1679388,0.003269129,0.6398792,-0.7498936
1,6.622245,0.4740576,1.246862,0.2928463,0.1615536,0.005243011,0.6425712,-0.7489828
1,6.633356,0.4732193,1.24551,0.2987014,0.1534248,0.01015646,0.6473572,-0.7465162
1,6.644467,0.4718066,1.245086,0.3045723,0.1421236,0.01625082,0.6588883,-0.7385141
1,6.655579,0.4705089,1.244272,0.3105202,0.1331003,0.02070085,0.6679691,-0.7318969
1,6.66669,0.4684865,1.243992,0.3160655,0.1255875,0.02330106,0.6749007,-0.7267694
1,6.677801,0.4665988,1.243768,0.3215984,0.1193426,0.02523404,0.6779405,-0.7249258
1,6.688912,0.4647156,1.243493,0.3266328,0.1170539,0.02877151,0.6717341,-0.7309199
1,6.700024,0.4632725,1.242975,0.3320074,0.1138023,0.03377512,0.6678074,-0.7348071
1,6.711135,0.462149,1.242846,0.3369251,0.1105359,0.04086861,0.661279,-0.740825
1,6.722246,0.460479,1.24383,0.3412761,0.1046742,0.04622108,0.6582816,-0.7440243
1,6.733357,0.4587637,1.244836,0.3456036,0.0987028,0.05033809,0.6563853,-0.7462454
1,6.744469,0.4566849,1.246441,0.3492454,0.0921551,0.05307269,0.6571901,-0.746185
1,6.75558,0.4535221,1.248327,0.3528672,0.08740859,0.05563728,0.6583453,-0.7455506
1,6.766691,0.450866,1.250014,0.3564128,0.08332966,0.05867641,0.6594825,-0.7447793
1,6.777802,0.4484712,1.251928,0.3596751,0.0789586,0.06242784,0.6592342,-0.7451701
1,6.788914,0.446281,1.253799,0.3629933,-0.07412776,-0.0667934,-0.658412,0.7460144
1,6.800025,0.4443848,1.255943,0.3657698,-0.06967226,-0.07211868,-0.6561283,0.7479574
1,6.811136,0.4426151,1.258035,0.3684398,-0.06644706,-0.07812882,-0.652256,0.7510279
1,6.822248,0.44082,1.260392,0.3707187,-0.06428868,-0.08417667,-0.6472486,0.7548844
1,6.833359,0.4389381,1.26306,0.3725933,-0.06186442,-0.08942592,-0.6422834,0.7587146
1,6.84447,0.4368993,1.265829,0.3745437,-0.05884966,-0.09442616,-0.6383426,0.7616686
1,6.855581,0.4348266,1.268966,0.3759262,-0.05573738,-0.09943902,-0.6349505,0.7640963
1,6.866693,0.4330028,1.271911,0.3769814,-0.05286708,-0.1045063,-0.6320834,0.7659987
1,6.877804,0.4311741,1.275131,0.3778875,-0.0495968,-0.1101133,-0.6294998,0.7675581
1,6.888915,0.429647,1.27811,0.3786401,-0.04639746,-0.1156937,-0.6265358,0.7693603
1,6.900026,0.4282784,1.28166,0.3787047,-0.04312824,-0.1213778,-0.6224536,0.7719837
1,6.911138,0.4272197,1.285107,0.3783781,-0.04060787,-0.1265827,-0.6177582,0.77505
1,6.922249,0.4262345,1.288606,0.3774881,-0.03897794,-0.1317387,-0.6123387,0.7785674
1,6.93336,0.4251378,1.291994,0.3766993,-0.03791367,-0.1361934,-0.6069551,0.782061
1,6.944471,0.4240391,1.295431,0.3752169,-0.03858753,-0.1401147,-0.6012787,0.7857116
1,6.955583,0.4229126,1.298816,0.3733117,-0.03980685,-0.1442684,-0.5963709,0.7886341
1,6.966694,0.4219763,1.301929,0.3710854,-0.04030377,-0.1482101,-0.5932913,0.7901992
1,6.977805,0.4212636,1.305222,0.3689543,-0.03969834,-0.1531354,-0.5904668,0.7914054
1,6.988916,0.4208382,1.30857,0.366115,-0.03792619,-0.1590496,-0.5888441,0.7915348
1,7.000028,0.4204746,1.31199,0.3633616,-0.0359918,-0.1644058,-0.586659,0.7921531
1,7.011139,0.4207743,1.315639,0.3591474,-0.03357793,-0.1696644,-0.5835927,0.7934142
1,7.02225,0.4208649,1.318796,0.3555862,-0.03310769,-0.1750179,-0.5798375,0.7950227
1,7.033361,0.420902,1.321867,0.3519714,-0.03422698,-0.1798849,-0.5751826,0.7972671
1,7.044473,0.4208168,1.32459,0.3477182,-0.03820278,-0.1836864,-0.5689637,0.8006748
1,7.055584,0.4208801,1.327238,0.3436258,-0.04244518,-0.1875194,-0.5634107,0.8034944
1,7.066695,0.4208852,1.329962,0.3390614,-0.04626747,-0.1913655,-0.5586269,0.8057137
1,7.077806,0.4211151,1.332566,0.3346149,-0.04795618,-0.195274,-0.5552597,0.8070037
1,7.088918,0.4217718,1.335545,0.329967,-0.04847264,-0.199391,-0.5519435,0.8082401
1,7.100029,0.422579,1.338691,0.3246893,-0.04785068,-0.2031276,-0.5486156,0.8096114
1,7.11114,0.4240911,1.342454,0.3182752,-0.0449533,-0.2048868,-0.544208,0.8123043
1,7.122252,0.425229,1.346102,0.3121597,-0.04405227,-0.2067641,-0.5390801,0.8152918
1,7.133363,0.4262824,1.350017,0.3054752,-0.04299233,-0.2077303,-0.5327865,0.8192303
1,7.144474,0.4272186,1.353523,0.2987788,-0.04279813,-0.2103281,-0.5280791,0.8216221
1,7.155585,0.4279648,1.356448,0.2922783,-0.04396512,-0.2150098,-0.5259163,0.8217359
1,7.166697,0.4286947,1.358887,0.2857464,-0.04731942,-0.2203838,-0.5240017,0.8213488
1,7.177808,0.4292775,1.361251,0.2789859,-0.05238443,-0.2247542,-0.5201259,0.82232
1,7.188919,0.4298621,1.36388,0.2720393,-0.05722009,-0.2281348,-0.5152841,0.8241132
1,7.20003,0.4304701,1.366652,0.2646265,-0.06170607,-0.2304,-0.5097361,0.826606
1,7.211142,0.4314969,1.369631,0.2569595,-0.06329052,-0.233334,-0.5051708,0.8284637
1,7.222253,0.4328494,1.372609,0.2491587,-0.06413418,-0.2363629,-0.5000845,0.8306232
1,7.233364,0.4340554,1.375602,0.2414941,-0.06625403,-0.2392178,-0.4937383,0.8334314
1,7.244475,0.4357542,1.378008,0.2339494,-0.06956211,-0.2430467,-0.4848297,0.8372751
1,7.255587,0.4374642,1.380431,0.2263752,-0.07309379,-0.2478049,-0.4763621,0.840434
1,7.266698,0.4399435,1.381976,0.218326,-0.07722908,-0.2549922,-0.4682715,0.8424586
1,7.277809,0.4415561,1.383629,0.2113721,-0.08007687,-0.2600669,-0.4644488,0.8427575
1,7.28892,0.443284,1.384528,0.2037346,-0.08288247,-0.2649629,-0.4648389,0.8407437
1,7.300032,0.4443624,1.385474,0.1957772,-0.08642977,-0.267579,-0.4684661,0.8375385
1,7.311143,0.4452039,1.386077,0.1879502,-0.0936989,-0.267054,-0.470264,0.8359153
1,7.322254,0.4463318,1.386188,0.1803561,-0.1019853,-0.267276,-0.4706603,0.8346505
1,7.333365,0.4474362,1.385236,0.1734403,-0.1155801,-0.2662127,-0.4714269,0.8327837
1,7.344477,0.4489143,1.384431,0.166301,-0.1265366,-0.2666016,-0.4724691,0.8304728
1,7.355588,0.4501894,1.383172,0.159747,-0.1381025,-0.2670665,-0.4760009,0.826454
1,7.366699,0.4518464,1.381384,0.15346,-0.149659,-0.2673331,-0.4813754,0.8212264
1,7.37781,0.4534932,1.379646,0.1470951,-0.1613555,-0.2671114,-0.4865569,0.8160137
1,7.388922,0.4548766,1.377399,0.1416079,-0.1733773,-0.2658529,-0.4928574,0.8101569
1,7.400033,0.4565021,1.374771,0.1363317,-0.1872666,-0.2632929,-0.4989159,0.8041711
1,7.411144,0.4580041,1.372218,0.1313675,-0.2013586,-0.2600754,-0.5039769,0.7986382
1,7.422256,0.4594325,1.368706,0.1276449,-0.2182393,-0.252976,-0.5092201,0.7931392
1,7.433367,0.4611373,1.365394,0.1242134,-0.2331523,-0.2465526,-0.5149898,0.7871705
1,7.444478,0.4628693,1.362137,0.1210357,-0.2470034,-0.2410717,-0.5211669,0.7805504
1,7.455589,0.4650171,1.358589,0.119059,-0.2599421,-0.2350779,-0.5284738,0.7732295
1,7.466701,0.4671324,1.354679,0.1179742,-0.2726924,-0.2291986,-0.5366349,0.7649378
1,7.477812,0.4693008,1.350568,0.1177725,-0.2856925,-0.2230028,-0.5448043,0.7561996
1,7.488923,0.4710791,1.346582,0.117919,0.2990307,0.2161747,0.5528834,-0.747107
1,7.500034,0.4729524,1.342397,0.1191489,0.3122545,0.2082175,0.5618263,-0.7372202
1,7.511146,0.4746273,1.338394,0.1208065,0.3247551,0.200185,0.5703936,-0.7274003
1,7.522257,0.4767851,1.333998,0.1246009,0.3349303,0.1930325,0.5794976,-0.7174556
1,7.533368,0.4789219,1.329803,0.1278123,0.3436973,0.1873918,0.5886356,-0.7072939
1,7.544479,0.4820182,1.325553,0.131843,0.3474598,0.1845992,0.5999454,-0.6966063
1,7.555591,0.4845828,1.321673,0.1356511,0.3506706,0.1810389,0.611164,-0.6861002
1,7.566702,0.4879201,1.317029,0.1410128,-0.3486729,-0.1765606,-0.6257074,0.6750881
1,7.577813,0.4902319,1.313538,0.1457407,-0.3488583,-0.1708281,-0.6355903,0.6671887
1,7.588924,0.4922119,1.310122,0.1510973,-0.3460709,-0.1616316,-0.6436538,0.6631893
1,7.600036,0.4938762,1.306966,0.1568216,-0.34418,-0.1478584,-0.6475611,0.6635833
1,7.611147,0.4957751,1.303609,0.1630718,-0.343011,-0.1315413,-0.6484227,0.6667746
1,7.622258,0.4967498,1.300459,0.1691885,-0.3406241,-0.1174227,-0.6501086,0.6689888
1,7.633369,0.4976951,1.297474,0.1759421,-0.3346687,-0.1050494,-0.6520683,0.6721371
1,7.644481,0.4982246,1.294354,0.1832545,-0.326174,-0.09839401,-0.6554983,0.6739815
1,7.655592,0.4992877,1.290614,0.1914236,-0.3167389,-0.09735275,-0.6615636,0.6727053
1,7.666703,0.4990764,1.287266,0.1997601,-0.3062584,-0.09635783,-0.6687024,0.67064
1,7.677814,0.4990346,1.284267,0.2077159,-0.2963049,-0.09218113,-0.6749697,0.6694191
1,7.688926,0.497087,1.281842,0.2159439,-0.2846813,-0.08785862,-0.681549,0.6683774
1,7.700037,0.4955758,1.279504,0.2245389,-0.2733894,-0.08239986,-0.6871038,0.6680994
1,7.711148,0.4923098,1.278019,0.2326324,-0.2598084,-0.07865141,-0.6926652,0.6682279
1,7.72226,0.4891534,1.276242,0.2414025,-0.2426138,-0.08019688,-0.6974216,0.6695598
1,7.733371,0.4866702,1.274113,0.2501913,-0.2272444,-0.08025056,-0.7009974,0.6712096
1,7.744482,0.4831505,1.272482,0.2589815,-0.2096024,-0.08247212,-0.7022313,0.6753786
1,7.755593,0.4798039,1.270982,0.2680744,-0.192692,-0.08306572,-0.703267,0.6792535
1,7.766705,0.4750638,1.269756,0.2772799,-0.1750039,-0.0850569,-0.7024136,0.6846561
1,7.777816,0.4691021,1.268761,0.2872725,-0.1553634,-0.08871581,-0.701575,0.6897712
1,7.788927,0.4641047,1.268012,0.2959224,-0.1380363,-0.09145296,-0.7017168,0.6929473
1,7.800038,0.4579481,1.267911,0.3047937,-0.1176205,-0.09574257,-0.7011288,0.6967189
1,7.81115,0.4518223,1.267579,0.3139568,-0.09769122,-0.1000454,-0.6998911,0.7004282
1,7.822261,0.4450563,1.267839,0.3226355,-0.07687297,-0.1059546,-0.6965531,0.7054629
1,7.833372,0.4378439,1.268278,0.3316064,-0.05582156,-0.111594,-0.6908463,0.7121531
1,7.844483,0.4308048,1.26894,0.3404779,-0.03542664,-0.1174301,-0.6844475,0.7186701
1,7.855595,0.4225576,1.270253,0.3496189,-0.0112706,-0.1267751,-0.6743433,0.7273666
1,7.866706,0.4157527,1.271326,0.3576636,0.008475557,-0.134576,-0.6668177,0.7329199
1,7.877817,0.408209,1.272712,0.3660032,0.03072434,-0.1455818,-0.6575189,0.7386006
1,7.888928,0.400292,1.27431,0.3740215,0.05103233,-0.1557275,-0.6478309,0.7439488
1,7.90004,0.3914959,1.276373,0.381555,0.06939702,-0.1648999,-0.6364561,0.750277
1,7.911151,0.3821194,1.278814,0.3889967,0.08725859,-0.1733604,-0.6231284,0.7576564
1,7.922262,0.3734151,1.281482,0.3955739,0.1040361,-0.1814624,-0.6108802,0.7635923
1,7.933373,0.3644514,1.284916,0.4018838,0.1214696,-0.1906445,-0.5966543,0.7700022
1,7.944485,0.3552348,1.289067,0.4084431,0.1400357,-0.2024348,-0.5805653,0.7761148
1,7.955596,0.3470688,1.293194,0.4141239,-0.1562964,0.214739,0.5647691,-0.7813415
1,7.966707,0.3382326,1.297408,0.4201609,-0.1718395,0.2269389,0.5484646,-0.7862293
1,7.977818,0.3299208,1.302216,0.4252102,-0.1843359,0.2399645,0.5322926,-0.7906339
