Trial,time,PositionX,PositionY,PositionZ,RotationQX,RotationQY,RotationQZ,RotationQW
9,0,0.3565086,0.6776087,0.7815095,-0.2489343,0.2347059,0.5611354,-0.7537055
9,0,0.3565086,0.6776087,0.7815095,-0.2489343,0.2347059,0.5611354,-0.7537055
9,0.01111111,0.3566911,0.6774397,0.7818034,-0.2514945,0.235745,0.5613891,-0.752341
9,0.02222222,0.3564937,0.6773735,0.7820613,-0.2526231,0.2365492,0.5607553,-0.7521832
9,0.03333334,0.35635,0.6765432,0.7820517,-0.2528465,0.2372708,0.5591241,-0.7530947
9,0.04444445,0.355698,0.6772079,0.782593,-0.2542291,0.2370221,0.5582362,-0.7533661
9,0.05555556,0.3560213,0.6774302,0.7828013,-0.2555206,0.2382918,0.5583969,-0.7524089
9,0.06666667,0.3559948,0.6773955,0.7828777,-0.2559063,0.2386144,0.5581409,-0.7523655
9,0.07777778,0.3561398,0.6776226,0.7827405,-0.2556617,0.238316,0.5580124,-0.7526386
9,0.08888889,0.3562229,0.6778134,0.7826557,-0.2553988,0.2383499,0.5582623,-0.7525316
9,0.1,0.3562967,0.6777664,0.7826265,-0.2551899,0.2382022,0.5585977,-0.7524004
9,0.1111111,0.3562855,0.6778265,0.7825416,-0.2551315,0.2382053,0.5588124,-0.7522599
9,0.1222222,0.3562953,0.6778377,0.7825693,-0.2552139,0.238124,0.5589095,-0.7521855
9,0.1333333,0.3562983,0.6778756,0.7825317,-0.2555516,0.2382368,0.5589764,-0.7519854
9,0.1444445,0.3563197,0.6778859,0.7826299,-0.256163,0.2383967,0.5590397,-0.7516796
9,0.1555556,0.3561977,0.6779609,0.7827529,-0.2568016,0.2384019,0.5589855,-0.7515004
9,0.1666667,0.3561707,0.678014,0.7828859,-0.2574476,0.2384818,0.5590612,-0.7511975
9,0.1777778,0.3562531,0.6779696,0.7829842,-0.2583879,0.2386393,0.5593093,-0.7506398
9,0.1888889,0.3562506,0.6780261,0.7830207,-0.2588668,0.2385883,0.5594037,-0.7504206
9,0.2,0.3564689,0.6779258,0.7829648,-0.2590682,0.238443,0.5593959,-0.750403
9,0.2111111,0.3564917,0.6779416,0.7829982,-0.2590514,0.238331,0.5594111,-0.7504331
9,0.2222222,0.3564919,0.677951,0.7829794,-0.2589962,0.2381417,0.5594888,-0.7504545
9,0.2333333,0.3565273,0.6779562,0.7829755,-0.2587754,0.2380852,0.559503,-0.7505379
9,0.2444444,0.3563875,0.678054,0.7830332,-0.2588292,0.2380732,0.5595006,-0.7505248
9,0.2555556,0.3562618,0.6780294,0.7830668,-0.2590167,0.2380721,0.5595803,-0.7504012
9,0.2666667,0.3562545,0.6780322,0.7830885,-0.2591241,0.238077,0.559585,-0.7503591
9,0.2777778,0.3561667,0.6780213,0.7831573,-0.2593107,0.2380849,0.5595601,-0.7503107
9,0.2888889,0.3561834,0.6781199,0.7831967,-0.2594712,0.2380293,0.5596156,-0.7502314
9,0.3,0.3562303,0.678121,0.7832386,-0.2597084,0.2380365,0.5595985,-0.7501597
9,0.3111111,0.3562141,0.6780814,0.7833134,-0.2598166,0.2381016,0.5596735,-0.7500458
9,0.3222222,0.3561898,0.6780816,0.7833201,-0.25978,0.2381057,0.5596276,-0.7500913
9,0.3333333,0.3561708,0.6781133,0.7832963,-0.2597265,0.2380991,0.5596403,-0.7501023
9,0.3444445,0.3564402,0.6779851,0.7831993,-0.2597271,0.2381633,0.559734,-0.7500119
9,0.3555556,0.356459,0.67793,0.7832509,-0.259718,0.2382056,0.5597335,-0.750002
9,0.3666667,0.3566027,0.6778232,0.7832157,-0.2595751,0.2383509,0.5596014,-0.750104
9,0.3777778,0.3565701,0.6778526,0.7832566,-0.2596157,0.2384748,0.5595763,-0.7500693
9,0.3888889,0.3565814,0.677911,0.7832635,-0.2597898,0.2384933,0.5595015,-0.7500588
9,0.4,0.356616,0.6778847,0.7833166,-0.2599439,0.238603,0.5594379,-0.7500179
9,0.4111111,0.3566054,0.677851,0.7833131,-0.2600816,0.2386617,0.5593663,-0.750005
9,0.4222222,0.3565921,0.6779096,0.7833449,-0.2602438,0.2386352,0.5593125,-0.7499974
9,0.4333333,0.3565792,0.677893,0.7833152,-0.2602903,0.2387268,0.5593233,-0.749944
9,0.4444444,0.3565235,0.6779101,0.7833408,-0.2601986,0.238662,0.5593104,-0.750006
9,0.4555556,0.3565116,0.6779475,0.78329,-0.2601572,0.2386096,0.5593634,-0.7499976
9,0.4666667,0.356405,0.6780174,0.7833554,-0.2601159,0.2385977,0.5594298,-0.7499661
9,0.4777778,0.3563163,0.677986,0.7833884,-0.26011,0.2384728,0.5594822,-0.7499688
9,0.4888889,0.356241,0.6779836,0.783343,-0.2601415,0.2384413,0.5594668,-0.7499794
9,0.5,0.3562362,0.6779716,0.7833741,-0.2602167,0.2384501,0.5594614,-0.7499545
9,0.5111111,0.3562267,0.6780502,0.7833729,-0.2603527,0.2384421,0.5595179,-0.7498677
9,0.5222223,0.3563862,0.6779544,0.7833363,-0.2603958,0.238578,0.5594426,-0.7498657
9,0.5333334,0.3563738,0.6779581,0.7833595,-0.260463,0.238607,0.5594009,-0.7498642
9,0.5444446,0.3564543,0.6779149,0.7833468,-0.2604812,0.2386924,0.5593687,-0.7498548
9,0.5555557,0.3564273,0.6778871,0.783361,-0.2605599,0.2386813,0.5593126,-0.7498728
9,0.5666668,0.3563093,0.6779408,0.7834209,-0.2605752,0.2386767,0.5593907,-0.7498106
9,0.577778,0.3563118,0.677883,0.7834004,-0.2604271,0.2386353,0.5593705,-0.7498904
9,0.5888891,0.3563049,0.6778728,0.7834291,-0.2603837,0.2385586,0.5593637,-0.7499349
9,0.6000003,0.3565877,0.6777846,0.7833601,-0.2604128,0.2386711,0.5594435,-0.7498295
9,0.6111114,0.3566257,0.6777852,0.7833933,-0.260438,0.2387303,0.5594185,-0.7498205
9,0.6222225,0.356814,0.6776782,0.7833427,-0.2604843,0.2387752,0.5593355,-0.7498521
9,0.6333337,0.3568358,0.6776605,0.7833445,-0.2604605,0.2388326,0.5593199,-0.7498536
9,0.6444448,0.3568595,0.6776395,0.7833507,-0.260575,0.238828,0.5592841,-0.7498421
9,0.655556,0.3568645,0.6776324,0.7833273,-0.2605881,0.2388627,0.5592526,-0.74985
9,0.6666671,0.3570259,0.6775208,0.7832869,-0.2605754,0.2389023,0.5592337,-0.7498559
9,0.6777782,0.3569924,0.6774799,0.783242,-0.2605613,0.2389394,0.5591535,-0.7499089
9,0.6888894,0.3570299,0.6774448,0.7832452,-0.2606029,0.2390118,0.5591466,-0.7498764
9,0.7000005,0.3568741,0.677658,0.783308,-0.2606719,0.2390009,0.5591022,-0.7498889
9,0.7111117,0.3569397,0.6776638,0.7833507,-0.2606986,0.2389729,0.5591747,-0.7498345
9,0.7222228,0.356978,0.6776716,0.783378,-0.2608667,0.2388711,0.5592098,-0.7497823
9,0.7333339,0.3567743,0.6777824,0.783441,-0.2609447,0.2387324,0.5592508,-0.7497688
9,0.7444451,0.3567298,0.6778393,0.7834454,-0.2608881,0.2386637,0.5592903,-0.7497809
9,0.7555562,0.3567633,0.6778194,0.7833976,-0.2608003,0.2386495,0.559266,-0.7498341
9,0.7666674,0.3567641,0.6778178,0.7833813,-0.2606889,0.2385878,0.5592421,-0.7499102
9,0.7777785,0.3566956,0.6778799,0.7833773,-0.2606294,0.2386473,0.5592979,-0.7498704
9,0.7888896,0.3566529,0.6778353,0.7833728,-0.2606917,0.2386633,0.559194,-0.749921
9,0.8000008,0.3565167,0.6779114,0.7834293,-0.2607336,0.2386881,0.5591137,-0.7499586
9,0.8111119,0.3564721,0.677889,0.7834474,-0.2608773,0.2388103,0.5589871,-0.7499641
9,0.8222231,0.3563329,0.6779602,0.7835114,-0.2609854,0.2388934,0.5589064,-0.7499602
9,0.8333342,0.3562967,0.6779926,0.7835153,-0.2609806,0.2390434,0.5588048,-0.7499897
9,0.8444453,0.3562424,0.6780223,0.7835408,-0.2610027,0.2391343,0.5586582,-0.7500622
9,0.8555565,0.3562549,0.6780985,0.7835845,-0.2610106,0.2392569,0.5585989,-0.7500646
9,0.8666676,0.3561239,0.6781652,0.7836361,-0.2609277,0.239269,0.5584958,-0.7501663
9,0.8777788,0.3561473,0.6781582,0.7836253,-0.2609166,0.2392356,0.5585037,-0.7501749
9,0.8888899,0.3561474,0.6781678,0.7836787,-0.2610916,0.2392172,0.5585454,-0.7500889
9,0.900001,0.3562387,0.6781049,0.7836273,-0.2611415,0.239208,0.5585955,-0.7500371
9,0.9111122,0.3561738,0.6781144,0.7835729,-0.2611303,0.2392349,0.5586056,-0.7500249
9,0.9222233,0.3561978,0.6780761,0.783569,-0.2611677,0.2391872,0.5586691,-0.7499797
9,0.9333345,0.3561876,0.6780985,0.7835625,-0.261208,0.2392696,0.558705,-0.7499128
9,0.9444456,0.3562528,0.6780416,0.7835587,-0.2612738,0.2393286,0.5586801,-0.7498894
9,0.9555568,0.3562496,0.6780581,0.7835573,-0.2613565,0.2393523,0.5586184,-0.7498993
9,0.9666679,0.3562548,0.6780418,0.7835757,-0.261328,0.2394143,0.5586288,-0.7498815
9,0.977779,0.3562263,0.6780421,0.7835631,-0.2613314,0.239366,0.5585709,-0.7499388
9,0.9888902,0.3562126,0.6780434,0.7835782,-0.2614279,0.2393647,0.5585517,-0.74992
9,1.000001,0.3563048,0.6779689,0.7835904,-0.2615587,0.239348,0.5586983,-0.7497706
9,1.011112,0.356335,0.6779612,0.7836007,-0.2615932,0.2392448,0.5587401,-0.7497603
9,1.022224,0.3563432,0.6779449,0.7836243,-0.2616256,0.2391521,0.5588086,-0.7497275
9,1.033335,0.3562964,0.6779341,0.7836226,-0.2615889,0.2389243,0.5588661,-0.74977
9,1.044446,0.3562986,0.6779202,0.7836422,-0.2616307,0.2388494,0.5588999,-0.7497541
9,1.055557,0.3563593,0.6779246,0.7836674,-0.2617082,0.2388121,0.5590373,-0.7496366
9,1.066668,0.3563937,0.6779653,0.7836877,-0.2617249,0.2388237,0.5590073,-0.7496493
9,1.077779,0.3564039,0.6779414,0.7836536,-0.2616132,0.2389238,0.5589504,-0.7496988
9,1.08889,0.3563933,0.6779397,0.7836432,-0.2616431,0.2390363,0.5588388,-0.7497357
9,1.100002,0.3564036,0.6779242,0.7836711,-0.2617138,0.2390927,0.5588475,-0.7496865
9,1.111113,0.3563927,0.6779149,0.7836494,-0.2617422,0.2391245,0.558856,-0.7496602
9,1.122224,0.3563817,0.6778891,0.783659,-0.2617481,0.2390312,0.5588054,-0.7497256
9,1.133335,0.3564009,0.6779239,0.7836645,-0.2618091,0.2389682,0.5588992,-0.7496546
9,1.144446,0.3564057,0.677923,0.7836862,-0.2619308,0.2388569,0.5589745,-0.7495913
9,1.155557,0.3564155,0.6778949,0.7836958,-0.2618843,0.2387831,0.5590439,-0.7495793
9,1.166668,0.3564158,0.6778668,0.7836891,-0.2618303,0.2386614,0.5591313,-0.7495717
9,1.17778,0.3564717,0.6778101,0.7836661,-0.2617908,0.2385295,0.5592213,-0.7495605
9,1.188891,0.3564736,0.6778292,0.7836486,-0.261731,0.2384866,0.559288,-0.7495452
9,1.200002,0.3564997,0.6778142,0.7836553,-0.2618747,0.2384644,0.5592768,-0.7495104
9,1.211113,0.3565498,0.677791,0.7836843,-0.2619046,0.2384893,0.5593358,-0.7494479
9,1.222224,0.3565785,0.6777758,0.7836895,-0.261968,0.2385526,0.5592782,-0.7494486
9,1.233335,0.3563916,0.6778818,0.7837096,-0.2619972,0.2385032,0.5592521,-0.7494736
9,1.244446,0.3563993,0.6778848,0.7836934,-0.261906,0.2385447,0.5592365,-0.7495039
9,1.255558,0.3565891,0.6777927,0.7836059,-0.2618118,0.2385169,0.5592729,-0.7495186
9,1.266669,0.3566476,0.6777935,0.7836592,-0.2619697,0.2385417,0.5593256,-0.7494161
9,1.27778,0.3566794,0.6777752,0.7836644,-0.2620372,0.2384821,0.5593653,-0.7493818
9,1.288891,0.3566677,0.6777282,0.7836793,-0.2620322,0.2383985,0.5594113,-0.7493759
9,1.300002,0.3566934,0.6777337,0.7836713,-0.2620461,0.2382945,0.559417,-0.7493999
9,1.311113,0.3567234,0.6777501,0.7836463,-0.2620536,0.2383277,0.5594606,-0.7493542
9,1.322224,0.3567473,0.6777218,0.7836472,-0.2620263,0.238338,0.5594772,-0.7493482
9,1.333336,0.3567431,0.6776722,0.7836216,-0.2620076,0.2383188,0.5594434,-0.7493858
9,1.344447,0.3567814,0.6776437,0.7836133,-0.2619945,0.2383512,0.5594308,-0.7493896
9,1.355558,0.356783,0.6776872,0.7835671,-0.2620727,0.2383409,0.5594302,-0.749366
9,1.366669,0.35686,0.6776782,0.783603,-0.262102,0.2383118,0.5594598,-0.7493429
9,1.37778,0.3568442,0.6777117,0.7836057,-0.26215,0.2382359,0.5594889,-0.7493285
9,1.388891,0.3568445,0.6776755,0.7836123,-0.2622188,0.2381842,0.5594932,-0.7493176
9,1.400002,0.3568864,0.6776677,0.7835904,-0.2621482,0.2381999,0.5594952,-0.7493358
9,1.411114,0.3567482,0.6777854,0.7836328,-0.262167,0.2380955,0.5595074,-0.7493533
9,1.422225,0.3567735,0.6777871,0.7836381,-0.2622366,0.2380186,0.559519,-0.7493448
9,1.433336,0.3568074,0.6777934,0.7836401,-0.2622426,0.238047,0.5595385,-0.7493191
9,1.444447,0.3566887,0.6778799,0.783661,-0.2622078,0.2379586,0.5595248,-0.7493696
9,1.455558,0.3566657,0.6778504,0.7836351,-0.2623357,0.2379771,0.5595744,-0.7492819
9,1.466669,0.3566831,0.6778401,0.7836345,-0.2623382,0.2379386,0.5595797,-0.7492893
9,1.47778,0.3566824,0.6777887,0.7836324,-0.2623405,0.2379256,0.5595293,-0.7493303
9,1.488891,0.3566958,0.677761,0.7836316,-0.2623094,0.2378395,0.5595772,-0.7493327
9,1.500003,0.3566392,0.677817,0.7836271,-0.262341,0.2377069,0.559655,-0.7493055
9,1.511114,0.3566275,0.6777682,0.7836101,-0.2623492,0.2377417,0.5596882,-0.7492669
9,1.522225,0.3565809,0.6777958,0.7836077,-0.2622822,0.2376976,0.5595939,-0.7493747
9,1.533336,0.3565653,0.6778123,0.783581,-0.2623037,0.2376191,0.5595396,-0.7494327
9,1.544447,0.3565865,0.6777877,0.7835951,-0.2623653,0.2376783,0.5596108,-0.7493392
9,1.555558,0.3564162,0.6779456,0.7837484,-0.2624792,0.2375659,0.5596657,-0.7492939
9,1.566669,0.3564433,0.6780375,0.7837758,-0.2625351,0.2374594,0.5596451,-0.7493235
9,1.577781,0.3565595,0.6779914,0.7837133,-0.2624815,0.2372921,0.5597153,-0.7493429
9,1.588892,0.35657,0.6779916,0.7837218,-0.2624429,0.2372912,0.5597373,-0.7493403
9,1.600003,0.3564629,0.6780707,0.7837477,-0.2623705,0.2372359,0.5596904,-0.7494181
9,1.611114,0.3564083,0.6780593,0.7837013,-0.2623115,0.2372529,0.559644,-0.749468
9,1.622225,0.3564019,0.6780657,0.7837012,-0.262351,0.2373841,0.5595421,-0.7494887
9,1.633336,0.3563912,0.6780735,0.7836865,-0.2622994,0.2374934,0.55943,-0.7495559
9,1.644447,0.3563957,0.6780803,0.7836894,-0.2623402,0.2376442,0.5593163,-0.7495787
9,1.655559,0.3562217,0.6782179,0.7837287,-0.2623291,0.2376849,0.559252,-0.7496175
9,1.66667,0.3561655,0.6781707,0.7836888,-0.2623122,0.2377422,0.5591881,-0.749653
9,1.677781,0.3560528,0.6781961,0.7837251,-0.262285,0.2377845,0.55914,-0.7496849
9,1.688892,0.3560251,0.6782167,0.7837187,-0.2623286,0.2379119,0.5590636,-0.7496864
9,1.700003,0.3561666,0.6781184,0.7836336,-0.2622729,0.2378737,0.5591158,-0.749679
9,1.711114,0.3561547,0.6781589,0.783635,-0.2622631,0.2378216,0.5591643,-0.7496628
9,1.722225,0.3561622,0.6781527,0.7836201,-0.2622521,0.2377263,0.5592207,-0.7496548
9,1.733337,0.3561936,0.6781821,0.7836393,-0.2621825,0.237673,0.5592937,-0.7496416
9,1.744448,0.3561795,0.6781971,0.7836143,-0.2621945,0.2376311,0.5593418,-0.7496148
9,1.755559,0.3561602,0.6781319,0.7836292,-0.2621918,0.2375726,0.5593675,-0.7496151
9,1.76667,0.3561688,0.6781373,0.7836401,-0.2621549,0.237672,0.5593253,-0.7496278
9,1.777781,0.3561798,0.6781265,0.7836491,-0.2621826,0.2377793,0.5593275,-0.7495826
9,1.788892,0.3561673,0.6782031,0.7836403,-0.2621479,0.2378084,0.5592427,-0.7496487
9,1.800003,0.3561673,0.6782073,0.7836407,-0.2621627,0.2379422,0.5591337,-0.7496824
9,1.811115,0.3561799,0.6782123,0.7836707,-0.2621944,0.2380099,0.5591065,-0.7496701
9,1.822226,0.3560066,0.6783162,0.783722,-0.262224,0.2379199,0.5590478,-0.7497321
9,1.833337,0.3559704,0.6782946,0.7837039,-0.2622321,0.2379272,0.559018,-0.7497492
9,1.844448,0.3560639,0.6782222,0.7836851,-0.2622405,0.2378105,0.5591039,-0.7497193
9,1.855559,0.3560468,0.6782194,0.7836467,-0.2622168,0.237786,0.5591571,-0.7496956
9,1.86667,0.3560448,0.6782004,0.7836493,-0.2621637,0.2376897,0.5592532,-0.7496729
9,1.877781,0.3560693,0.678221,0.7836381,-0.2621328,0.2376261,0.559345,-0.7496355
9,1.888893,0.3560324,0.6781844,0.7836241,-0.2621612,0.2376198,0.5593525,-0.749622
9,1.900004,0.3561964,0.6780484,0.7835751,-0.2621394,0.2375367,0.5593408,-0.7496648
9,1.911115,0.3560967,0.6780964,0.7836118,-0.2621711,0.2376021,0.5592874,-0.7496728
9,1.922226,0.3560991,0.6780721,0.7836151,-0.2622031,0.2376147,0.559243,-0.7496906
9,1.933337,0.3561731,0.678076,0.7836661,-0.2621718,0.2377791,0.5592119,-0.7496727
9,1.944448,0.3561745,0.6780533,0.7836411,-0.2621181,0.2378645,0.5592047,-0.7496697
9,1.955559,0.3561782,0.6780146,0.7836562,-0.2620829,0.2379189,0.559167,-0.7496929
9,1.966671,0.3562146,0.6780123,0.7835923,-0.2620501,0.2379229,0.5592329,-0.749654
9,1.977782,0.3562196,0.6780059,0.7835973,-0.2620384,0.2378792,0.5592117,-0.7496877
9,1.988893,0.3561995,0.6779535,0.7836043,-0.2621251,0.2378066,0.5591985,-0.7496902
9,2.000004,0.3563236,0.6778801,0.7835632,-0.2621509,0.2377597,0.5592679,-0.7496443
9,2.011115,0.3563469,0.6778869,0.7835722,-0.2621991,0.2377622,0.559335,-0.7495767
9,2.022226,0.3563973,0.6778599,0.7835292,-0.2621683,0.2376531,0.5593762,-0.7495911
9,2.033337,0.3564834,0.6778756,0.7836364,-0.2622257,0.237767,0.5593511,-0.7495538
9,2.044448,0.3562738,0.6780018,0.7837158,-0.2622668,0.2378057,0.5593794,-0.7495061
9,2.055559,0.3562531,0.6779945,0.7836851,-0.2622883,0.2378836,0.5593067,-0.7495281
9,2.06667,0.3562682,0.6780038,0.7836736,-0.2622872,0.2378784,0.5592996,-0.7495352
9,2.077781,0.3562014,0.6780323,0.7836977,-0.2622935,0.2378948,0.5592506,-0.7495645
9,2.088892,0.3561625,0.6780051,0.7836775,-0.2623023,0.2379598,0.5592434,-0.7495462
9,2.100003,0.3561648,0.678008,0.7836906,-0.2623302,0.2379857,0.5592128,-0.7495509
9,2.111114,0.3561859,0.6780709,0.7837003,-0.2623054,0.2379814,0.5592456,-0.7495365
9,2.122225,0.3562964,0.6780503,0.7836958,-0.2623314,0.2379451,0.5592449,-0.7495395
9,2.133336,0.3563541,0.6780488,0.7837171,-0.2623446,0.2379846,0.5593001,-0.7494813
9,2.144447,0.35639,0.6780574,0.7837319,-0.2623977,0.2379989,0.5592816,-0.7494719
9,2.155558,0.3564405,0.6780695,0.7837451,-0.2623775,0.2380053,0.5593177,-0.7494499
9,2.166669,0.3562056,0.6781603,0.7837886,-0.2623791,0.2380682,0.5592896,-0.7494505
9,2.17778,0.3564146,0.6780692,0.7837431,-0.2623837,0.2380776,0.5592687,-0.7494614
9,2.188891,0.356408,0.6780099,0.783731,-0.2623988,0.2380269,0.5593133,-0.7494389
9,2.200002,0.3564342,0.6780047,0.7837459,-0.262445,0.2380186,0.559352,-0.7493964
9,2.211113,0.3563902,0.677951,0.7836727,-0.2624536,0.237999,0.5594083,-0.7493576
9,2.222224,0.3563878,0.677978,0.7836573,-0.2624511,0.2379551,0.5593832,-0.7493913
9,2.233335,0.3563323,0.6779037,0.7836299,-0.2624378,0.2380082,0.559346,-0.7494068
9,2.244446,0.3562152,0.677949,0.7836831,-0.2624326,0.2380362,0.5593218,-0.7494178
9,2.255557,0.3562166,0.6780238,0.783673,-0.2624983,0.2380732,0.5592064,-0.7494691
9,2.266668,0.356047,0.678067,0.7837385,-0.2625631,0.2380213,0.5592018,-0.7494663
9,2.277779,0.3561455,0.6780801,0.7837958,-0.262697,0.2381076,0.559253,-0.7493539
9,2.28889,0.3561349,0.6781156,0.7837611,-0.2626221,0.2381796,0.5592232,-0.7493795
9,2.300001,0.3559952,0.6781914,0.7838007,-0.2625759,0.2382034,0.5591086,-0.7494736
9,2.311112,0.3559414,0.6781932,0.7837409,-0.2624141,0.2382028,0.5591281,-0.7495159
9,2.322223,0.3559014,0.6781743,0.7837669,-0.2623084,0.238285,0.5590956,-0.749551
9,2.333334,0.3559263,0.6782227,0.7837664,-0.2623011,0.2383987,0.5591201,-0.7494992
9,2.344445,0.3559175,0.6782504,0.7837763,-0.2624643,0.2383808,0.5590829,-0.7494755
9,2.355556,0.3558828,0.6782538,0.7837751,-0.2625298,0.2383371,0.5591089,-0.749447
9,2.366668,0.3561554,0.6781229,0.7836193,-0.2625104,0.2382299,0.5592672,-0.7493697
9,2.377779,0.3563927,0.678014,0.7835377,-0.2624997,0.2381341,0.5592679,-0.7494035
9,2.38889,0.3564134,0.6779318,0.783567,-0.2624712,0.237996,0.5593884,-0.7493675
9,2.400001,0.3563433,0.6779933,0.783568,-0.2623946,0.2379618,0.559352,-0.7494322
9,2.411112,0.3563952,0.6779538,0.7836121,-0.2623392,0.2379246,0.5593891,-0.7494358
9,2.422223,0.356247,0.6780511,0.7836767,-0.2623255,0.2378926,0.559332,-0.7494932
9,2.433334,0.3561994,0.6780283,0.7836515,-0.2622755,0.2379917,0.5592651,-0.7495294
9,2.444445,0.3559335,0.6781828,0.7837644,-0.262287,0.2380505,0.5591318,-0.749606
9,2.455556,0.3558352,0.6782295,0.7837269,-0.2623251,0.2382422,0.5590199,-0.7496151
9,2.466667,0.3557724,0.6782964,0.7836394,-0.2622451,0.2383841,0.5589053,-0.7496834
9,2.477778,0.3558734,0.678261,0.7835738,-0.2622528,0.2384671,0.558872,-0.7496793
9,2.488889,0.3559072,0.6782838,0.7836079,-0.2622219,0.2385941,0.558841,-0.7496728
9,2.5,0.3560411,0.6782182,0.7834986,-0.2620473,0.238684,0.5588018,-0.7497344
9,2.511111,0.3560303,0.6782159,0.7834974,-0.2620266,0.2386656,0.5587556,-0.749782
9,2.522222,0.3560629,0.6782632,0.7834916,-0.2620071,0.2386602,0.5587499,-0.7497948
9,2.533333,0.3560747,0.6782882,0.7834918,-0.2620658,0.2386645,0.5587491,-0.7497734
9,2.544444,0.3560408,0.6781859,0.7835426,-0.2621011,0.2387343,0.5587291,-0.7497538
9,2.555555,0.3560216,0.6782277,0.7835601,-0.2621065,0.2387116,0.5587401,-0.7497511
9,2.566666,0.3560047,0.6781919,0.783545,-0.2620402,0.2388238,0.5587402,-0.7497383
9,2.577777,0.3560102,0.6782042,0.7835509,-0.262079,0.2388406,0.5587198,-0.7497345
9,2.588888,0.3559962,0.678184,0.78358,-0.2620712,0.2388687,0.5587325,-0.749719
9,2.599999,0.3561007,0.6781287,0.7835414,-0.2620533,0.2388878,0.5587649,-0.7496949
9,2.61111,0.356072,0.678085,0.7835528,-0.2621002,0.2389589,0.5587115,-0.7496957
9,2.622221,0.3560257,0.6780916,0.783569,-0.2621096,0.2389264,0.5586857,-0.7497221
9,2.633332,0.3560334,0.6781164,0.7835695,-0.2621165,0.2389054,0.5586387,-0.7497613
9,2.644443,0.3561529,0.6780276,0.7835807,-0.2621723,0.2389339,0.5586991,-0.7496877
9,2.655554,0.3562586,0.6780009,0.7835438,-0.2622567,0.2388855,0.558715,-0.7496617
9,2.666665,0.3562961,0.6780492,0.7835415,-0.2623054,0.238847,0.5587925,-0.7495992
9,2.677776,0.3563505,0.678018,0.783548,-0.262304,0.2388431,0.5587778,-0.7496119
9,2.688887,0.3563899,0.6780614,0.7835342,-0.2621912,0.2387811,0.5587453,-0.7496952
9,2.699998,0.3564109,0.678066,0.7835208,-0.2621215,0.23875,0.5587317,-0.7497397
9,2.711109,0.3564458,0.6780764,0.7835265,-0.2621481,0.2388244,0.5587742,-0.749675
9,2.72222,0.3564396,0.6780069,0.783547,-0.2621441,0.2389455,0.5587233,-0.7496758
9,2.733331,0.3564038,0.6779957,0.783531,-0.2621452,0.2390608,0.5586407,-0.7497002
9,2.744442,0.3560763,0.6781812,0.7836633,-0.2622039,0.2390573,0.5584902,-0.7497929
9,2.755553,0.3559772,0.6783062,0.783713,-0.2621879,0.2390217,0.5583849,-0.7498883
9,2.766664,0.3559378,0.6782492,0.7837288,-0.2622696,0.239066,0.5584424,-0.7498028
9,2.777775,0.3559389,0.6782746,0.7837517,-0.262411,0.2390231,0.5584676,-0.7497482
9,2.788886,0.3558863,0.6782894,0.7837148,-0.2623768,0.2390098,0.5584889,-0.7497485
9,2.799997,0.3558707,0.6783119,0.7837067,-0.2623414,0.2388525,0.5585471,-0.7497677
9,2.811108,0.3558631,0.6783413,0.7836455,-0.2622895,0.2388196,0.558647,-0.7497219
9,2.822219,0.3558471,0.6783677,0.7836378,-0.26228,0.2387102,0.5586996,-0.7497209
9,2.83333,0.3558167,0.6784077,0.7836224,-0.262383,0.2387248,0.5587645,-0.7496319
9,2.844441,0.3559442,0.6782931,0.7836124,-0.2623764,0.2387794,0.5587774,-0.7496071
9,2.855552,0.3559642,0.6783044,0.7835667,-0.2623258,0.2387663,0.5587063,-0.749682
9,2.866663,0.3559745,0.6783012,0.7835984,-0.2622916,0.2389199,0.5586264,-0.7497047
9,2.877774,0.3559344,0.6783641,0.7835896,-0.2623006,0.2389707,0.5585731,-0.749725
9,2.888885,0.3559639,0.67836,0.7836659,-0.2622781,0.2390672,0.5585257,-0.7497374
9,2.899997,0.3559583,0.6783801,0.7836686,-0.2622728,0.239098,0.5585142,-0.7497379
9,2.911108,0.3559608,0.6783962,0.783707,-0.2623951,0.2391018,0.5584781,-0.7497209
9,2.922219,0.3559485,0.6783431,0.7836963,-0.2623596,0.2390816,0.5584577,-0.749755
9,2.93333,0.3559574,0.6783487,0.7837174,-0.2623666,0.2391177,0.5584688,-0.7497327
9,2.944441,0.3559511,0.6783631,0.7837338,-0.2624013,0.2390357,0.5585797,-0.7496641
9,2.955552,0.3559484,0.6783325,0.78378,-0.2624202,0.2390611,0.5585667,-0.7496591
9,2.966663,0.3559006,0.6782969,0.7837646,-0.2624386,0.2390432,0.5585388,-0.7496791
9,2.977774,0.355934,0.6783112,0.7837326,-0.2624469,0.2390653,0.558567,-0.7496481
9,2.988885,0.3559274,0.6782838,0.783726,-0.2624269,0.2391692,0.5585796,-0.7496126
9,2.999996,0.3559161,0.6782897,0.7837206,-0.2624242,0.2391261,0.5585897,-0.7496198
9,3.011107,0.3559078,0.6782445,0.7837053,-0.2624204,0.2391407,0.5586137,-0.7495985
9,3.022218,0.3558807,0.6782314,0.7836733,-0.2624226,0.2391493,0.5586019,-0.7496039
9,3.033329,0.3558723,0.6782286,0.7836862,-0.2624357,0.2390877,0.5586318,-0.7495966
9,3.04444,0.3558947,0.6782637,0.7837086,-0.2624259,0.2391194,0.5586606,-0.7495684
9,3.055551,0.3558884,0.678254,0.7837236,-0.2624061,0.2392103,0.558605,-0.7495878
9,3.066662,0.3558776,0.6782588,0.7837291,-0.2623998,0.2392032,0.5586066,-0.7495911
9,3.077773,0.3559003,0.6782621,0.7837799,-0.262377,0.2392521,0.5586178,-0.7495752
9,3.088884,0.3558825,0.6782575,0.7838269,-0.2623983,0.2392572,0.5586357,-0.7495527
9,3.099995,0.355933,0.6782399,0.7838265,-0.2624207,0.2392609,0.558688,-0.7495047
9,3.111106,0.3559021,0.6782467,0.7838523,-0.262474,0.2392028,0.5586619,-0.7495241
9,3.122217,0.3560228,0.6781576,0.7838135,-0.2623985,0.2392068,0.5586754,-0.749539
9,3.133328,0.3560276,0.6781568,0.7838124,-0.2623362,0.2391906,0.5586581,-0.749579
9,3.144439,0.356042,0.6781442,0.783824,-0.2622997,0.2392288,0.5586841,-0.7495603
9,3.15555,0.3560616,0.6781371,0.7838385,-0.2623447,0.2392654,0.5587288,-0.7494995
9,3.166661,0.3560614,0.6781262,0.7838457,-0.262257,0.2393225,0.5586426,-0.7495762
9,3.177772,0.3560742,0.6781459,0.7838456,-0.2622598,0.2392917,0.5585604,-0.7496463
9,3.188883,0.3560858,0.6781498,0.7838777,-0.2623374,0.2392957,0.5585657,-0.7496139
9,3.199994,0.3560899,0.6781464,0.7838934,-0.2623783,0.2393055,0.5585635,-0.7495981
9,3.211105,0.3561053,0.678151,0.7839061,-0.2624156,0.2392496,0.5586388,-0.7495468
9,3.222216,0.3561211,0.6781541,0.783911,-0.2624145,0.2392162,0.55867,-0.7495345
9,3.233327,0.3561189,0.6781657,0.7839047,-0.2623295,0.2390521,0.5587104,-0.7495866
9,3.244438,0.3561376,0.6781476,0.7839023,-0.2621879,0.2390372,0.5587468,-0.7496138
9,3.255549,0.3561575,0.6781476,0.7839083,-0.2621771,0.2390184,0.5588017,-0.7495826
9,3.26666,0.356169,0.6781487,0.7839064,-0.2621074,0.2390852,0.5587668,-0.7496116
9,3.277771,0.3561901,0.6781558,0.783936,-0.2622032,0.2391629,0.5587008,-0.7496026
9,3.288882,0.3562028,0.6781608,0.7839429,-0.2622118,0.2393037,0.5585521,-0.7496654
9,3.299993,0.3561462,0.6781381,0.7837082,-0.2621411,0.2394942,0.5584056,-0.7497385
9,3.311104,0.3561719,0.6781443,0.7836996,-0.2621446,0.2396293,0.5583231,-0.7497556
9,3.322215,0.3561521,0.6781209,0.7836884,-0.2621141,0.2398115,0.5582741,-0.7497444
9,3.333326,0.3561746,0.678116,0.7836947,-0.2620469,0.2398991,0.5581943,-0.7497993
9,3.344437,0.3561089,0.6781023,0.7836143,-0.2620071,0.2399474,0.5581117,-0.7498593
9,3.355548,0.3561324,0.6780804,0.7836025,-0.2619796,0.2398957,0.5581596,-0.7498497
9,3.366659,0.3562247,0.677991,0.7835863,-0.2619807,0.2398768,0.5581274,-0.7498794
9,3.37777,0.356203,0.6779959,0.7835739,-0.2619619,0.2397928,0.5581417,-0.7499022
9,3.388881,0.3560005,0.6781194,0.7836576,-0.2619986,0.2397103,0.5581595,-0.7499025
9,3.399992,0.3560166,0.6781096,0.7836819,-0.2620674,0.2396984,0.5582173,-0.7498391
9,3.411103,0.3560508,0.6780984,0.7837046,-0.2620993,0.239854,0.5583047,-0.7497132
9,3.422215,0.3560625,0.6780863,0.7837033,-0.2619943,0.2398209,0.5582953,-0.7497675
9,3.433326,0.3560298,0.6780866,0.7837105,-0.2619262,0.2398762,0.5581707,-0.7498662
9,3.444437,0.3561068,0.6780729,0.7836742,-0.2619653,0.2399115,0.5582284,-0.7497984
9,3.455548,0.3561271,0.6780833,0.7836837,-0.2620377,0.239881,0.5582029,-0.749802
9,3.466659,0.3561788,0.6780248,0.7836467,-0.2620309,0.2399467,0.5582042,-0.7497822
9,3.47777,0.3561979,0.6780293,0.7836552,-0.2620835,0.2399586,0.5581625,-0.7497911
9,3.488881,0.3562366,0.6780702,0.7836369,-0.2621063,0.2400144,0.5581822,-0.7497507
9,3.499992,0.35625,0.6780664,0.7836314,-0.2620445,0.2400004,0.5581606,-0.7497928
9,3.511103,0.3562596,0.6780584,0.7836718,-0.2620244,0.2398835,0.5581862,-0.7498181
9,3.522214,0.3562702,0.6780497,0.7836792,-0.2620585,0.2399048,0.5582013,-0.7497882
9,3.533325,0.3559543,0.6782171,0.7837938,-0.262114,0.2397927,0.5581789,-0.7498214
9,3.544436,0.3557772,0.678368,0.7838142,-0.2621171,0.2397416,0.5582028,-0.7498188
9,3.555547,0.3557017,0.6784099,0.7838112,-0.2620519,0.2396499,0.5581674,-0.7498972
9,3.566658,0.3556565,0.6784242,0.7837868,-0.2620901,0.2396969,0.5581046,-0.7499156
9,3.577769,0.3556476,0.6784233,0.7837929,-0.2620317,0.2398216,0.5580726,-0.74992
9,3.58888,0.3556178,0.6783872,0.7837832,-0.2620664,0.2399564,0.5580097,-0.7499115
9,3.599991,0.3556312,0.6783829,0.7837665,-0.2621079,0.2399292,0.5580076,-0.7499074
9,3.611102,0.3556507,0.6783579,0.7837508,-0.2622212,0.2398558,0.5580568,-0.7498544
9,3.622213,0.3557177,0.67836,0.7837243,-0.2621828,0.2397978,0.5581113,-0.7498459
9,3.633324,0.3556968,0.6783611,0.783731,-0.2621585,0.2396946,0.5581527,-0.7498567
9,3.644435,0.3557936,0.6783525,0.7838138,-0.2621183,0.2397279,0.5581924,-0.7498305
9,3.655546,0.3558874,0.6783244,0.7837676,-0.2620934,0.2396358,0.5582833,-0.749801
9,3.666657,0.356047,0.6781707,0.7837221,-0.2620787,0.2395778,0.5583778,-0.7497543
9,3.677768,0.3560776,0.6781514,0.7837339,-0.2621798,0.2396315,0.5583785,-0.7497013
9,3.688879,0.3560998,0.6781217,0.7837554,-0.2622139,0.2397108,0.5583265,-0.7497027
9,3.69999,0.356104,0.6781033,0.7837491,-0.2621812,0.2397288,0.558246,-0.7497684
9,3.711101,0.3560965,0.6780766,0.7837401,-0.2621779,0.2398124,0.5582234,-0.7497597
9,3.722212,0.3561057,0.6780536,0.7837393,-0.2622043,0.2398342,0.5581911,-0.7497674
9,3.733323,0.3561122,0.6780196,0.7837638,-0.2621449,0.2399159,0.5582047,-0.7497519
9,3.744434,0.3561415,0.6780477,0.7837918,-0.2621565,0.2399393,0.5581971,-0.749746
9,3.755545,0.3561498,0.6780401,0.7837892,-0.2620916,0.239879,0.5581616,-0.7498145
9,3.766656,0.356176,0.6780745,0.7838023,-0.2621726,0.2398414,0.5581934,-0.7497745
9,3.777767,0.3561967,0.6780679,0.7838113,-0.2622275,0.2397827,0.5582682,-0.7497183
9,3.788878,0.3562308,0.6781201,0.7838051,-0.2622992,0.2397897,0.5583133,-0.7496575
9,3.799989,0.3562528,0.6781277,0.7838016,-0.2623116,0.2397764,0.5583332,-0.7496426
9,3.8111,0.3562146,0.6781223,0.783772,-0.2622985,0.2398341,0.5582248,-0.7497094
9,3.822211,0.3562094,0.6781424,0.7837455,-0.2622611,0.2398913,0.5582256,-0.7497036
9,3.833322,0.3561234,0.6782054,0.783764,-0.2622996,0.2399057,0.5582503,-0.749667
9,3.844433,0.3562457,0.6781345,0.7837273,-0.2622762,0.2399734,0.5582554,-0.7496498
9,3.855544,0.3562608,0.6781341,0.7837306,-0.262348,0.2399932,0.5582654,-0.7496109
9,3.866655,0.3562769,0.6781238,0.783734,-0.2623956,0.2400072,0.5582353,-0.7496122
9,3.877766,0.356217,0.6781407,0.7837238,-0.2623618,0.2399462,0.5582116,-0.7496613
9,3.888877,0.3562219,0.6781297,0.7837144,-0.2623011,0.2399232,0.5582156,-0.7496869
9,3.899988,0.3562487,0.6780669,0.7837693,-0.2622437,0.2399425,0.5582728,-0.7496582
9,3.911099,0.3562705,0.6780711,0.7837868,-0.2622847,0.2399245,0.5582757,-0.7496474
9,3.92221,0.3562842,0.6780706,0.7838113,-0.2623914,0.2399245,0.5583255,-0.749573
9,3.933321,0.3560981,0.6781558,0.7838811,-0.2623903,0.2397701,0.558301,-0.7496411
9,3.944432,0.3559539,0.6782566,0.7839282,-0.2623613,0.2397992,0.558307,-0.7496374
9,3.955544,0.3559012,0.6782784,0.7839391,-0.2622752,0.2397884,0.55821,-0.7497432
9,3.966655,0.3559032,0.6782767,0.7838904,-0.2622625,0.2398154,0.5582695,-0.7496947
9,3.977766,0.3558954,0.6782582,0.783884,-0.2622725,0.2397949,0.5583661,-0.7496257
9,3.988877,0.3558853,0.6782685,0.7839077,-0.2623421,0.2397624,0.5583375,-0.7496332
9,3.999988,0.3559762,0.6781638,0.7838008,-0.2622454,0.2397549,0.5583489,-0.749661
9,4.011099,0.3560395,0.6781368,0.7837816,-0.2623321,0.2396756,0.5583948,-0.7496217
9,4.02221,0.3558969,0.6781797,0.7837933,-0.2624117,0.2396651,0.5584328,-0.7495689
9,4.033321,0.355887,0.6781839,0.7837923,-0.2624091,0.2395843,0.5583826,-0.749633
9,4.044433,0.3559119,0.6782345,0.7837854,-0.2623867,0.2396206,0.5584402,-0.7495863
9,4.055544,0.3560602,0.6781347,0.783751,-0.2622477,0.239708,0.5584918,-0.7495686
9,4.066655,0.3560701,0.6781261,0.7837459,-0.2621835,0.2397004,0.5585074,-0.7495819
9,4.077766,0.3562158,0.6780449,0.7837375,-0.2621792,0.2397142,0.5585179,-0.7495711
9,4.088878,0.3562402,0.6780329,0.7837363,-0.2622008,0.2396818,0.5585239,-0.7495695
9,4.099989,0.3562953,0.677941,0.7837439,-0.2623025,0.2396438,0.5585885,-0.749498
9,4.1111,0.3563101,0.6779234,0.7837449,-0.2623602,0.239562,0.5585901,-0.7495027
9,4.122211,0.3561117,0.6780375,0.7837551,-0.2623143,0.2394506,0.5585746,-0.749566
9,4.133323,0.3561209,0.6780265,0.783758,-0.262283,0.2394113,0.5585241,-0.7496269
9,4.144434,0.3561275,0.6779937,0.7837597,-0.2622222,0.2394759,0.5585049,-0.749642
9,4.155545,0.3561396,0.677967,0.7837508,-0.262133,0.2395342,0.558502,-0.7496567
9,4.166656,0.3559613,0.6780897,0.783767,-0.2620795,0.2396168,0.5584568,-0.7496828
9,4.177768,0.3559564,0.6780923,0.7837678,-0.2621157,0.2396504,0.5583814,-0.7497155
9,4.188879,0.3559343,0.6781781,0.7837883,-0.2620453,0.2397317,0.5583218,-0.7497584
9,4.19999,0.3559291,0.6782241,0.7837653,-0.2621053,0.2398404,0.5582641,-0.7497457
9,4.211102,0.3559272,0.6782359,0.7837541,-0.2620634,0.239912,0.5582203,-0.74977
9,4.222213,0.3559179,0.6782448,0.7837368,-0.2620975,0.2399949,0.5582052,-0.7497429
9,4.233324,0.3559257,0.678254,0.783717,-0.2620295,0.2400034,0.5581785,-0.7497838
9,4.244435,0.3558251,0.6783153,0.7837164,-0.2619568,0.2398945,0.5581506,-0.7498648
9,4.255547,0.3557995,0.6783163,0.7837179,-0.2620052,0.239845,0.5582091,-0.7498201
9,4.266658,0.3558024,0.6783376,0.783707,-0.26209,0.2397239,0.5583004,-0.7497613
9,4.277769,0.3557302,0.6784245,0.7836941,-0.2620987,0.2396969,0.5583301,-0.7497447
9,4.28888,0.3557188,0.6784356,0.7836815,-0.2621185,0.2396651,0.5583442,-0.7497374
9,4.299992,0.3556772,0.67843,0.7837465,-0.2621145,0.2396583,0.5583133,-0.7497641
9,4.311103,0.3556616,0.6784306,0.7837251,-0.2620237,0.2397317,0.5583329,-0.7497576
9,4.322214,0.3556612,0.6784712,0.7837585,-0.2620016,0.239662,0.5583026,-0.7498103
9,4.333325,0.3556464,0.6784762,0.7837676,-0.2620296,0.2396551,0.5582987,-0.7498056
9,4.344437,0.3557919,0.6783329,0.7838217,-0.2621074,0.2397217,0.5583545,-0.7497157
9,4.355548,0.3558018,0.6782534,0.7837813,-0.26209,0.2396921,0.5582952,-0.7497752
9,4.366659,0.3558002,0.678251,0.7837802,-0.262131,0.2395678,0.5582939,-0.7498017
9,4.37777,0.3559789,0.6781465,0.7837368,-0.2621528,0.2395735,0.5583965,-0.7497159
9,4.388882,0.3559898,0.678111,0.783734,-0.2621969,0.2395336,0.558501,-0.7496354
9,4.399993,0.3560039,0.6780991,0.7837328,-0.2621537,0.239512,0.5584982,-0.7496595
9,4.411104,0.3560132,0.678098,0.7837271,-0.2621613,0.2393549,0.5584891,-0.7497137
9,4.422215,0.3560524,0.6781394,0.7837605,-0.262149,0.2393096,0.55848,-0.7497391
9,4.433327,0.3560782,0.6781284,0.7837741,-0.2621968,0.2392919,0.5585882,-0.7496476
9,4.444438,0.355945,0.6783406,0.7838448,-0.2622459,0.2392144,0.5585977,-0.7496481
9,4.455549,0.356005,0.6783441,0.7838085,-0.262201,0.2392363,0.5586276,-0.7496344
9,4.46666,0.356039,0.6782897,0.7837882,-0.2621524,0.2392759,0.5586676,-0.749609
9,4.477772,0.3560277,0.6782637,0.7837854,-0.2621562,0.2392751,0.5587074,-0.7495782
9,4.488883,0.3560337,0.6782705,0.7837685,-0.2621133,0.2393716,0.5585719,-0.7496635
9,4.499994,0.3559667,0.6781793,0.7837586,-0.2621568,0.239392,0.558483,-0.749708
9,4.511106,0.3559697,0.6781694,0.7837574,-0.2622309,0.2392958,0.5585284,-0.7496789
9,4.522217,0.3558255,0.6782707,0.7837586,-0.2623652,0.2392561,0.5586144,-0.7495805
9,4.533328,0.3558279,0.6782715,0.7837393,-0.2623682,0.2392024,0.558655,-0.7495664
9,4.544439,0.3558127,0.6782513,0.7837256,-0.2622934,0.2391654,0.5586497,-0.7496083
9,4.555551,0.3558296,0.678262,0.7837223,-0.262287,0.2391482,0.5587239,-0.7495607
9,4.566662,0.3558215,0.6782494,0.7837003,-0.2621998,0.2391391,0.558726,-0.7495925
9,4.577773,0.3558335,0.6782194,0.7837695,-0.2622222,0.2390855,0.5587662,-0.7495718
9,4.588884,0.3558325,0.6782066,0.783775,-0.2622189,0.2391086,0.5587867,-0.7495505
9,4.599996,0.3560757,0.6780673,0.7836988,-0.2621656,0.2391734,0.5587832,-0.7495509
9,4.611107,0.3560728,0.6780648,0.7837005,-0.2622151,0.239152,0.558714,-0.749592
9,4.622218,0.3559155,0.6781593,0.7837636,-0.2623108,0.2390943,0.558678,-0.7496039
9,4.633329,0.3558758,0.678162,0.78379,-0.2623667,0.2390477,0.5587277,-0.749562
9,4.644441,0.3558596,0.6782236,0.7837869,-0.2624043,0.2389219,0.5587791,-0.7495507
9,4.655552,0.3558521,0.6782421,0.7838093,-0.2624601,0.2388076,0.5588009,-0.7495513
9,4.666663,0.3558756,0.6782351,0.7838163,-0.2624981,0.2387977,0.5589329,-0.7494428
9,4.677774,0.3557729,0.6783099,0.78385,-0.2624377,0.2386694,0.5589377,-0.7495012
9,4.688886,0.3557712,0.6783158,0.7838488,-0.2624084,0.2386206,0.5589434,-0.7495227
9,4.699997,0.3558026,0.6783196,0.7838874,-0.2624491,0.2386308,0.5589899,-0.7494705
9,4.711108,0.3556314,0.6784065,0.7839645,-0.2624739,0.2385576,0.5589994,-0.749478
9,4.722219,0.3554816,0.6785011,0.7839953,-0.2625475,0.238557,0.5589927,-0.7494575
9,4.733331,0.3554589,0.6785036,0.7840249,-0.2625604,0.2386322,0.5590122,-0.7494145
9,4.744442,0.3554308,0.6785588,0.7839984,-0.2625967,0.2386363,0.5589821,-0.7494229
9,4.755553,0.355401,0.6785831,0.7840122,-0.2626101,0.2385562,0.5589727,-0.7494508
9,4.766665,0.3553866,0.6785957,0.784039,-0.2626532,0.2385179,0.5590085,-0.7494211
9,4.777776,0.3553101,0.6785384,0.7840006,-0.2626032,0.2385051,0.5590835,-0.7493868
9,4.788887,0.3552904,0.6785403,0.7840188,-0.2625962,0.2384562,0.5591884,-0.7493265
9,4.799998,0.3555892,0.6783646,0.7838925,-0.2625004,0.2384803,0.5592094,-0.7493367
9,4.81111,0.3555796,0.6783603,0.7838811,-0.2624568,0.238489,0.5592515,-0.7493178
9,4.822221,0.3555507,0.678359,0.7839038,-0.2625322,0.2385549,0.559207,-0.7493036
9,4.833332,0.3555809,0.6783618,0.7838927,-0.2626003,0.2385161,0.5592399,-0.7492676
9,4.844443,0.355606,0.6783161,0.7839128,-0.2626229,0.2385136,0.5592546,-0.7492495
9,4.855555,0.3557716,0.6783113,0.7839004,-0.2626304,0.2385123,0.5592657,-0.749239
9,4.866666,0.3557885,0.6783038,0.7838947,-0.2626244,0.238455,0.5592639,-0.7492607
9,4.877777,0.3556719,0.6782853,0.7838928,-0.2626495,0.2383339,0.5592745,-0.7492826
9,4.888888,0.3556642,0.6782781,0.7838887,-0.2626068,0.2382476,0.5592878,-0.749315
9,4.9,0.3556631,0.6783172,0.7838779,-0.2626293,0.2381504,0.5593827,-0.7492672
9,4.911111,0.3557019,0.6782893,0.7838568,-0.2626186,0.2381312,0.5594062,-0.7492594
9,4.922222,0.3557163,0.6782364,0.7838308,-0.2625533,0.238126,0.5593857,-0.7492993
9,4.933333,0.3557727,0.6782173,0.7837579,-0.2624887,0.2381491,0.5593292,-0.7493567
9,4.944445,0.3558297,0.6782004,0.7838256,-0.2626003,0.2381874,0.5593637,-0.7492797
9,4.955556,0.3558397,0.6782179,0.7838637,-0.2626985,0.2381537,0.559352,-0.7492648
9,4.966667,0.3558551,0.6782079,0.7838781,-0.2627676,0.238059,0.5594137,-0.7492245
9,4.977778,0.3558114,0.6782028,0.7839111,-0.2627624,0.2380521,0.5594528,-0.7491994
9,4.98889,0.3558181,0.6781892,0.7838989,-0.2626705,0.2379551,0.5594887,-0.7492355
9,5.000001,0.3559448,0.6781395,0.7838418,-0.2625578,0.2379344,0.5594943,-0.7492775
9,5.011112,0.355951,0.6781279,0.7838137,-0.2624854,0.2378566,0.5594962,-0.7493261
9,5.022223,0.3559922,0.6780595,0.783843,-0.2623992,0.2379467,0.5594991,-0.7493256
9,5.033335,0.3560025,0.6780455,0.7838368,-0.2624158,0.2380277,0.5593783,-0.7493842
9,5.044446,0.3560178,0.6780346,0.7838486,-0.2624644,0.2381928,0.5592397,-0.7494182
9,5.055557,0.3560586,0.6780667,0.7838458,-0.262443,0.2383218,0.5591831,-0.749427
9,5.066669,0.356102,0.6780754,0.7838398,-0.2625052,0.2384682,0.5590529,-0.7494556
9,5.07778,0.3558671,0.6782112,0.7839081,-0.2624265,0.2385534,0.5589902,-0.749503
9,5.088891,0.3558801,0.6782061,0.7839302,-0.2624564,0.2386328,0.5589645,-0.7494862
9,5.100002,0.3558846,0.6781205,0.7838611,-0.2623538,0.2386385,0.558933,-0.7495439
9,5.111114,0.3558825,0.6781106,0.7838516,-0.2622398,0.2385824,0.5589129,-0.7496166
9,5.122225,0.3558708,0.6781511,0.7838193,-0.2621902,0.2385416,0.5589549,-0.7496157
9,5.133336,0.3558875,0.6781374,0.7838324,-0.2621962,0.2384961,0.5590343,-0.7495688
9,5.144447,0.3559138,0.6781367,0.7838497,-0.2622595,0.2384776,0.5591037,-0.7495008
9,5.155559,0.3557653,0.6782007,0.7839066,-0.2622875,0.2384128,0.5590808,-0.7495287
9,5.16667,0.3556397,0.6782933,0.7839148,-0.2623698,0.2385365,0.5590242,-0.7495027
9,5.177781,0.3556255,0.6783228,0.7838888,-0.2624078,0.2384976,0.5590245,-0.7495015
9,5.188892,0.3556135,0.6783168,0.7838735,-0.2623027,0.2385759,0.5589759,-0.7495499
9,5.200004,0.3554927,0.6783845,0.7838564,-0.2622206,0.2386762,0.55894,-0.7495733
9,5.211115,0.3554905,0.6783788,0.7838598,-0.2622364,0.2386768,0.5590028,-0.7495207
9,5.222226,0.3555571,0.678324,0.7838097,-0.2622876,0.2386783,0.5590014,-0.7495034
9,5.233337,0.3555304,0.6783471,0.7837849,-0.2622047,0.2385806,0.5589418,-0.7496079
9,5.244449,0.3555036,0.6783149,0.7837946,-0.2622634,0.2385934,0.5589671,-0.7495644
9,5.25556,0.3555036,0.6783291,0.7838149,-0.2623472,0.2385669,0.5590147,-0.7495081
9,5.266671,0.3555016,0.6783386,0.7837932,-0.2623293,0.2385145,0.5590757,-0.7494855
9,5.277782,0.3555219,0.6783714,0.7838271,-0.2623283,0.23859,0.5590494,-0.7494815
9,5.288894,0.3555057,0.6783713,0.7838186,-0.2622209,0.2385323,0.5590359,-0.7495474
9,5.300005,0.3556439,0.6783305,0.7838041,-0.2621948,0.2385947,0.5590277,-0.7495428
9,5.311116,0.3557638,0.6782757,0.7837605,-0.2621618,0.238631,0.5590429,-0.7495316
9,5.322227,0.3558072,0.6782193,0.7837806,-0.2622091,0.2386873,0.55907,-0.7494768
9,5.333339,0.3558236,0.6782188,0.7837872,-0.262228,0.2387317,0.559027,-0.7494881
9,5.34445,0.3558388,0.6782052,0.7838113,-0.2621965,0.2388338,0.558925,-0.7495427
9,5.355561,0.3558173,0.678218,0.783843,-0.2622131,0.2389155,0.5589319,-0.7495058
9,5.366673,0.3557812,0.678169,0.7838811,-0.2622025,0.2389936,0.5589153,-0.7494969
9,5.377784,0.3557268,0.6782151,0.7838895,-0.2622433,0.2389676,0.5588663,-0.7495275
9,5.388895,0.3557412,0.6782142,0.7838999,-0.2623683,0.238939,0.5588852,-0.7494788
9,5.400006,0.3557447,0.678237,0.7839209,-0.2624113,0.2388456,0.5589131,-0.7494727
9,5.411118,0.3558444,0.6781971,0.7838785,-0.2624337,0.2387836,0.5589374,-0.7494665
9,5.422229,0.3558243,0.67823,0.7839143,-0.2624124,0.2388338,0.5589684,-0.7494348
9,5.43334,0.355838,0.6782054,0.7838973,-0.2622944,0.2388051,0.5589914,-0.749468
9,5.444451,0.3557737,0.6781113,0.7838182,-0.262156,0.2388536,0.5589547,-0.7495285
9,5.455563,0.3557848,0.6780849,0.7838117,-0.2621212,0.2389004,0.5589985,-0.7494931
9,5.466674,0.3558124,0.6781151,0.7838158,-0.2622308,0.2389702,0.5589424,-0.7494743
9,5.477785,0.3558221,0.6781032,0.7838188,-0.2622968,0.2389954,0.5589024,-0.749473
9,5.488896,0.3558316,0.6780759,0.7838281,-0.2623135,0.2390986,0.5588155,-0.749499
9,5.500008,0.3558466,0.6780677,0.7838503,-0.2623443,0.2391589,0.5587552,-0.749514
9,5.511119,0.3558556,0.6780589,0.7838519,-0.262389,0.239139,0.5587599,-0.7495011
9,5.52223,0.3559046,0.6780874,0.7838647,-0.2623889,0.2391938,0.5587673,-0.7494782
9,5.533341,0.355932,0.6780825,0.7838606,-0.2623847,0.239123,0.5588288,-0.7494564
9,5.544453,0.3559502,0.678037,0.7838075,-0.2623266,0.2391669,0.5588895,-0.7494174
9,5.555564,0.355971,0.6780276,0.7837846,-0.2623065,0.2391212,0.5588344,-0.7494801
9,5.566675,0.3558224,0.67818,0.7837839,-0.2621791,0.23912,0.5588861,-0.7494865
9,5.577786,0.3558403,0.6781048,0.7837211,-0.2621799,0.2391237,0.5588959,-0.7494776
9,5.588898,0.3558668,0.678086,0.7837235,-0.2622628,0.2392356,0.5588773,-0.7494269
9,5.600009,0.3558429,0.6780545,0.7836728,-0.262272,0.2393132,0.5588033,-0.7494541
9,5.61112,0.3556229,0.678144,0.7837589,-0.2623664,0.2392592,0.5587168,-0.7495027
9,5.622231,0.3555151,0.6783072,0.7837809,-0.2623923,0.2392306,0.5587603,-0.7494704
9,5.633343,0.3554727,0.6783265,0.7837813,-0.2623706,0.2391559,0.5587912,-0.7494789
9,5.644454,0.3554501,0.678443,0.7838487,-0.2624025,0.2390874,0.5588439,-0.7494503
9,5.655565,0.3553687,0.6784755,0.7838983,-0.2623719,0.2390696,0.5588752,-0.7494434
9,5.666677,0.3553356,0.6785197,0.7839395,-0.2623317,0.2390443,0.5589412,-0.7494162
9,5.677788,0.3552702,0.6784955,0.783896,-0.2622708,0.239117,0.5588789,-0.7494608
9,5.688899,0.3553524,0.6784678,0.7838438,-0.2622713,0.2391163,0.5589676,-0.7493947
9,5.70001,0.3553551,0.6783448,0.7837877,-0.2622977,0.2392009,0.5589391,-0.7493796
9,5.711122,0.3554372,0.678324,0.7837307,-0.2623396,0.2392103,0.5589101,-0.7493836
9,5.722233,0.3555061,0.6782728,0.7837363,-0.26235,0.2392001,0.5588968,-0.7493932
9,5.733344,0.3554576,0.6783293,0.7838051,-0.2624218,0.2391804,0.5588564,-0.7494045
9,5.744455,0.3554701,0.6783272,0.7837949,-0.2623956,0.2392104,0.5588822,-0.7493848
9,5.755567,0.3555504,0.6782915,0.7837494,-0.262328,0.2391766,0.5588871,-0.7494156
9,5.766678,0.3555552,0.6782955,0.7837374,-0.2622027,0.2392141,0.5588376,-0.7494844
9,5.777789,0.3555355,0.6783719,0.7837441,-0.2621728,0.2391821,0.5588642,-0.7494853
9,5.7889,0.3555551,0.6783854,0.7837626,-0.262308,0.2391868,0.5588782,-0.749426
9,5.800012,0.3555463,0.6783984,0.7838582,-0.2623487,0.239114,0.5589988,-0.7493451
9,5.811123,0.3555473,0.6784264,0.7838097,-0.2623471,0.2390163,0.5590317,-0.7493523
9,5.822234,0.3555536,0.6784433,0.7838102,-0.2623211,0.2389137,0.5590752,-0.7493616
9,5.833345,0.3554386,0.6784307,0.7838955,-0.2623536,0.2388324,0.5590713,-0.7493791
9,5.844457,0.3554305,0.6784282,0.7839149,-0.2623675,0.2388328,0.5590494,-0.7493903
9,5.855568,0.3553246,0.6784225,0.7839087,-0.2622982,0.2388631,0.5589973,-0.7494438
9,5.866679,0.3553143,0.6784154,0.7839108,-0.262257,0.2389231,0.5590198,-0.7494224
9,5.87779,0.3553005,0.6784205,0.7839196,-0.2622367,0.2389976,0.558943,-0.749463
9,5.888902,0.3552219,0.6784265,0.7838843,-0.2621703,0.2391089,0.5588515,-0.7495189
9,5.900013,0.3551985,0.6784292,0.7838888,-0.2621387,0.2391822,0.5587733,-0.7495648
9,5.911124,0.3551838,0.6784236,0.7838963,-0.2621231,0.2393113,0.5587091,-0.749577
9,5.922235,0.3552176,0.678468,0.7839255,-0.2622037,0.2394827,0.5586643,-0.7495275
9,5.933347,0.3552024,0.6784585,0.7839377,-0.2621323,0.239593,0.5586176,-0.749552
9,5.944458,0.3552551,0.6784081,0.7838906,-0.2621295,0.2395761,0.5585659,-0.749597
9,5.955569,0.3552213,0.6783944,0.7838598,-0.2621702,0.2395838,0.5586125,-0.7495455
9,5.966681,0.3552228,0.6783886,0.7838687,-0.2621734,0.2395604,0.5586681,-0.7495105
9,5.977792,0.3555803,0.6782477,0.7837814,-0.2621231,0.2395408,0.5586851,-0.7495217
9,5.988903,0.3556104,0.6782146,0.7837825,-0.2620629,0.2395311,0.5587269,-0.7495146
9,6.000014,0.3555411,0.6782562,0.7838007,-0.262067,0.2395555,0.5587713,-0.7494723
9,6.011126,0.3555504,0.6782517,0.7837969,-0.2620848,0.2395772,0.5587406,-0.7494819
9,6.022237,0.3554859,0.6782243,0.7837991,-0.2620365,0.239679,0.5586765,-0.7495142
9,6.033348,0.3555408,0.678254,0.7837479,-0.262045,0.2396818,0.5586417,-0.7495362
9,6.044459,0.3555559,0.67826,0.783748,-0.2621693,0.2396972,0.5586039,-0.749516
9,6.055571,0.3555757,0.6782405,0.7837578,-0.26225,0.2397347,0.558674,-0.7494234
9,6.066682,0.3556145,0.6782576,0.7837626,-0.2622563,0.2397179,0.5586889,-0.7494156
9,6.077793,0.355604,0.6782169,0.7837053,-0.2622266,0.2397189,0.5586938,-0.7494219
9,6.088904,0.3556138,0.6781995,0.7836885,-0.2622047,0.2397048,0.5586839,-0.7494415
9,6.100016,0.3556173,0.6781798,0.7836875,-0.2621686,0.2396445,0.5587545,-0.7494208
9,6.111127,0.3556155,0.6781783,0.7836539,-0.2621183,0.2395422,0.5587087,-0.7495052
9,6.122238,0.3556074,0.6781519,0.7836596,-0.262165,0.2395747,0.5587245,-0.7494667
9,6.133349,0.3555942,0.6781323,0.7836251,-0.2621359,0.2394776,0.5587202,-0.7495111
9,6.144461,0.3556063,0.6780913,0.7836408,-0.2621568,0.2395195,0.5587211,-0.7494898
9,6.155572,0.3556412,0.6781532,0.7836586,-0.2622088,0.2394941,0.5587284,-0.7494743
9,6.166683,0.3556625,0.6781083,0.7836542,-0.2621474,0.2396177,0.558752,-0.7494388
9,6.177794,0.3556658,0.6780999,0.7836392,-0.2621412,0.2395712,0.558702,-0.7494929
9,6.188906,0.3556834,0.6780746,0.7836477,-0.262128,0.2396105,0.5586698,-0.7495089
9,6.200017,0.3557265,0.6781145,0.7837443,-0.2621581,0.2396422,0.5587031,-0.7494636
9,6.211128,0.3557464,0.6780981,0.7837583,-0.2622052,0.2396002,0.5587139,-0.7494525
9,6.222239,0.3557993,0.6781097,0.7838166,-0.2622362,0.2395657,0.5587693,-0.7494112
9,6.233351,0.3558218,0.6780825,0.7838272,-0.2622356,0.2395339,0.5588147,-0.7493878
9,6.244462,0.3557423,0.6780503,0.7838554,-0.262187,0.2394748,0.5587842,-0.7494465
9,6.255573,0.3552584,0.678349,0.7839077,-0.2621968,0.2393947,0.5588295,-0.7494349
9,6.266685,0.355257,0.6783382,0.7839183,-0.2622262,0.2393075,0.5588256,-0.7494554
9,6.277796,0.3552592,0.6783326,0.783927,-0.2622627,0.2392898,0.5588253,-0.7494484
9,6.288907,0.3553366,0.6782827,0.7838801,-0.2622135,0.2394131,0.5588464,-0.7494105
9,6.300018,0.3553696,0.6783477,0.7838771,-0.2622213,0.2394435,0.5588579,-0.7493895
9,6.31113,0.3553709,0.6783417,0.7838762,-0.2621458,0.2395056,0.5587589,-0.7494699
9,6.322241,0.3555405,0.6782592,0.7838269,-0.2621319,0.2395563,0.5587444,-0.7494693
9,6.333352,0.355556,0.6782483,0.7838255,-0.2621664,0.2395524,0.5586972,-0.7494938
9,6.344463,0.3555781,0.6783199,0.7838424,-0.2622394,0.2395167,0.5586708,-0.7494993
9,6.355575,0.3556426,0.6783658,0.7838734,-0.2623072,0.2395423,0.5587248,-0.7494271
9,6.366686,0.3556817,0.6783757,0.7838734,-0.2623251,0.2395034,0.5588188,-0.7493631
9,6.377797,0.3557135,0.6783874,0.7838736,-0.2623128,0.2394742,0.5588216,-0.7493747
9,6.388908,0.3555117,0.6783752,0.7838666,-0.2621636,0.2393789,0.558801,-0.7494727
9,6.40002,0.3554967,0.6783574,0.7838107,-0.2621767,0.239415,0.5588191,-0.7494432
9,6.411131,0.355504,0.6783553,0.7838178,-0.2622503,0.2393791,0.5588391,-0.749414
9,6.422242,0.3553801,0.6784346,0.7838488,-0.2623354,0.2393866,0.5587974,-0.7494129
9,6.433353,0.3554325,0.6784642,0.7838798,-0.2623632,0.2394334,0.5587918,-0.7493923
9,6.444465,0.3554403,0.6784746,0.7838876,-0.2623726,0.2394874,0.5587283,-0.7494192
9,6.455576,0.355454,0.6784917,0.7838929,-0.262414,0.2394795,0.558747,-0.7493932
9,6.466687,0.3554659,0.6784843,0.7838929,-0.2623452,0.239502,0.5587186,-0.7494314
9,6.477798,0.355402,0.6784382,0.7838281,-0.2623356,0.2394796,0.5587837,-0.7493933
9,6.48891,0.3554195,0.6784329,0.7838249,-0.2622808,0.2394869,0.5588078,-0.7493922
9,6.500021,0.3554311,0.6784259,0.7838148,-0.2622662,0.2394592,0.5588771,-0.7493544
9,6.511132,0.3554266,0.6784279,0.7838166,-0.262258,0.2394261,0.5588645,-0.7493774
9,6.522243,0.3554203,0.6784397,0.783815,-0.2622856,0.2393955,0.5588327,-0.7494012
9,6.533355,0.3554222,0.6784382,0.7838027,-0.2622752,0.2394293,0.5588597,-0.7493739
9,6.544466,0.3554246,0.6784465,0.7838097,-0.2623519,0.2394238,0.5588075,-0.7493877
9,6.555577,0.3554209,0.6784622,0.7838134,-0.2623797,0.2393701,0.5588564,-0.7493587
9,6.566689,0.3554303,0.6784645,0.7838176,-0.2623313,0.239444,0.558837,-0.7493665
9,6.5778,0.3554234,0.6784782,0.783798,-0.2622547,0.2393916,0.5588111,-0.7494293
9,6.588911,0.3554281,0.6784905,0.7837996,-0.262256,0.239426,0.5588087,-0.7494196
9,6.600022,0.3554332,0.6784927,0.7838004,-0.2622566,0.2393763,0.5588793,-0.7493827
9,6.611134,0.355448,0.6784977,0.7837944,-0.2622564,0.2393806,0.5588928,-0.7493713
9,6.622245,0.3554543,0.6784993,0.783788,-0.262197,0.2393657,0.5588182,-0.7494524
9,6.633356,0.3554565,0.6785167,0.7837805,-0.2622091,0.2393445,0.5587806,-0.749483
9,6.644467,0.3554679,0.678521,0.7837837,-0.2622781,0.2393936,0.5587793,-0.7494442
9,6.655579,0.3554865,0.6785122,0.7837853,-0.2622388,0.239399,0.5588389,-0.7494118
9,6.66669,0.355512,0.6785274,0.7838013,-0.262357,0.2393213,0.5588897,-0.7493573
9,6.677801,0.3553435,0.6784196,0.7838527,-0.2623885,0.2392102,0.5589148,-0.7493631
9,6.688912,0.3553469,0.6784179,0.7838611,-0.2624279,0.2391614,0.5589449,-0.7493423
9,6.700024,0.3556166,0.6782861,0.7838075,-0.2623845,0.2391087,0.559024,-0.7493154
9,6.711135,0.3556446,0.6782793,0.7838367,-0.2622935,0.2391069,0.5589895,-0.7493736
9,6.722246,0.3556806,0.6782652,0.7837932,-0.262124,0.2391882,0.5589713,-0.7494206
9,6.733357,0.3556575,0.6783078,0.7838411,-0.2621829,0.2393281,0.5589036,-0.7494056
9,6.744469,0.3556685,0.6783028,0.7838562,-0.2621975,0.2394439,0.5588192,-0.7494265
9,6.75558,0.3556616,0.6783101,0.7838626,-0.2621981,0.2395618,0.5586856,-0.7494883
9,6.766691,0.3556805,0.6783062,0.7838695,-0.2622134,0.2396603,0.5586146,-0.7495043
9,6.777802,0.3556286,0.6782981,0.7838472,-0.2622619,0.2397681,0.5584837,-0.7495504
9,6.788914,0.3556473,0.6782942,0.7838478,-0.2622523,0.2398686,0.5584851,-0.7495207
9,6.800025,0.3556058,0.6782416,0.7837963,-0.2621789,0.2398594,0.5584064,-0.7496079
9,6.811136,0.3556122,0.6782284,0.783793,-0.2621443,0.2398652,0.5584007,-0.7496223
9,6.822248,0.3555074,0.6782963,0.7837558,-0.262145,0.2396568,0.5585675,-0.7495646
9,6.833359,0.3555716,0.6783199,0.7837274,-0.2621517,0.2396793,0.5586419,-0.7494995
9,6.84447,0.355581,0.6783239,0.7837138,-0.2621555,0.2395714,0.5587088,-0.7494829
9,6.855581,0.3555633,0.6783727,0.7838009,-0.2622067,0.2395395,0.5587336,-0.7494565
9,6.866693,0.3555818,0.678346,0.7838022,-0.2621774,0.2395797,0.5587654,-0.7494304
9,6.877804,0.3555804,0.6783369,0.7837587,-0.2621706,0.2395976,0.5587422,-0.7494442
9,6.888915,0.3555823,0.6783252,0.7837566,-0.2621537,0.239641,0.5586814,-0.7494816
9,6.900026,0.3556145,0.6783687,0.7837545,-0.2622119,0.2396409,0.5586659,-0.7494729
9,6.911138,0.3555909,0.6782923,0.7837609,-0.262219,0.2397002,0.5586593,-0.7494563
9,6.922249,0.3556067,0.678279,0.783766,-0.2622444,0.2397864,0.5586514,-0.7494257
9,6.93336,0.3555887,0.6783057,0.7837211,-0.2622864,0.2397649,0.5585835,-0.7494685
9,6.944471,0.3555887,0.6782959,0.7837193,-0.2622999,0.2397464,0.5585583,-0.7494886
9,6.955583,0.3554146,0.6783866,0.7838141,-0.2623928,0.239655,0.5586504,-0.7494166
9,6.966694,0.3554029,0.6783785,0.7838282,-0.2624406,0.2395684,0.5586852,-0.7494016
9,6.977805,0.355306,0.678427,0.7838475,-0.2624758,0.2395357,0.5587212,-0.749373
9,6.988916,0.3552915,0.6784148,0.7838471,-0.2624054,0.2394617,0.5587832,-0.7493749
9,7.000028,0.3552886,0.6784459,0.7838222,-0.2623376,0.2394334,0.5587704,-0.7494173
9,7.011139,0.3553052,0.6785097,0.783856,-0.2622575,0.2394237,0.5587849,-0.7494376
9,7.02225,0.3552862,0.6785072,0.7838585,-0.2622083,0.2394293,0.5587459,-0.7494823
9,7.033361,0.3552487,0.6785372,0.7838668,-0.2622036,0.2394114,0.5587478,-0.7494881
9,7.044473,0.3552356,0.6785398,0.7839077,-0.2623486,0.2395111,0.5586817,-0.7494548
9,7.055584,0.3552815,0.6785319,0.783893,-0.2624319,0.2395184,0.5586559,-0.7494425
9,7.066695,0.3552712,0.6785327,0.7839051,-0.262429,0.2394769,0.5587159,-0.749412
9,7.077806,0.3552649,0.6785399,0.783921,-0.262364,0.2394459,0.5587051,-0.7494528
9,7.088918,0.355274,0.6785408,0.7839469,-0.2623836,0.2393541,0.5587482,-0.7494431
9,7.100029,0.3552544,0.6785381,0.7839215,-0.2624286,0.2393566,0.5587842,-0.7493996
9,7.11114,0.3552475,0.6785234,0.7838866,-0.2623756,0.2393009,0.5589111,-0.7493413
9,7.122252,0.3552661,0.6785174,0.7838758,-0.2623076,0.2392288,0.5589738,-0.7493415
9,7.133363,0.3552528,0.6785206,0.783896,-0.2622761,0.2391976,0.5589842,-0.7493547
9,7.144474,0.3555988,0.6783969,0.7838016,-0.2623089,0.2392304,0.5590422,-0.7492894
9,7.155585,0.3555701,0.678377,0.7837932,-0.2623473,0.2393246,0.5590068,-0.7492723
9,7.166697,0.3555753,0.6783723,0.7837747,-0.2623152,0.2394261,0.5588874,-0.7493402
9,7.177808,0.3555713,0.6783289,0.7838019,-0.2623182,0.2394396,0.5588309,-0.7493769
9,7.188919,0.3555714,0.6783168,0.7837942,-0.262356,0.2395493,0.5587838,-0.7493637
9,7.20003,0.3556363,0.6782711,0.7837692,-0.2623474,0.2395791,0.55875,-0.7493825
9,7.211142,0.3556718,0.6782599,0.7837786,-0.2623417,0.239555,0.5587755,-0.7493731
9,7.222253,0.3556984,0.6782737,0.783766,-0.2623068,0.239524,0.5587958,-0.7493802
9,7.233364,0.3556384,0.6783229,0.7837601,-0.2623081,0.2394167,0.5587972,-0.749413
9,7.244475,0.3556734,0.6783101,0.783806,-0.2623831,0.2394698,0.5588174,-0.7493547
9,7.255587,0.3556802,0.678303,0.7838026,-0.2623461,0.2394328,0.5588716,-0.7493391
9,7.266698,0.3555918,0.6783851,0.7838263,-0.2623228,0.2393145,0.5588807,-0.7493783
9,7.277809,0.3555862,0.6783841,0.7838247,-0.2623124,0.2393409,0.558915,-0.7493479
9,7.28892,0.3555859,0.6783838,0.7838311,-0.262331,0.2393293,0.5589287,-0.7493348
9,7.300032,0.355319,0.678501,0.7838872,-0.2622768,0.2392697,0.5588701,-0.7494165
9,7.311143,0.3551634,0.6785166,0.783892,-0.2623503,0.2392377,0.5588021,-0.7494517
9,7.322254,0.3551373,0.6785092,0.7839156,-0.2623699,0.2392527,0.5588259,-0.7494223
9,7.333365,0.3550987,0.6784862,0.7838968,-0.2624124,0.2391866,0.5588607,-0.7494026
9,7.344477,0.3550626,0.6784908,0.7839007,-0.2623774,0.2392204,0.5588189,-0.7494352
9,7.355588,0.3550415,0.6784869,0.7839679,-0.2623745,0.2391768,0.5588485,-0.749428
9,7.366699,0.3552136,0.6785561,0.7839248,-0.2623744,0.2392776,0.5589059,-0.7493532
9,7.37781,0.3552043,0.6785809,0.7839162,-0.2623215,0.2392607,0.5588974,-0.7493834
9,7.388922,0.355196,0.6786022,0.7839183,-0.2623273,0.239265,0.5588565,-0.7494104
9,7.400033,0.3552021,0.678652,0.7839336,-0.2623205,0.2392586,0.5588688,-0.7494057
9,7.411144,0.3551968,0.6786686,0.7839838,-0.2623594,0.2392734,0.5588607,-0.7493934
9,7.422256,0.3553251,0.6785733,0.7839534,-0.2622668,0.2392692,0.5589053,-0.7493939
9,7.433367,0.3553028,0.6785676,0.7839866,-0.262293,0.239232,0.5588726,-0.749421
9,7.444478,0.35529,0.6785684,0.7840003,-0.2622976,0.2391324,0.5589167,-0.7494183
9,7.455589,0.3554223,0.6783995,0.7839074,-0.2623201,0.2391706,0.5589613,-0.749365
9,7.466701,0.3554312,0.6784034,0.7839119,-0.2623881,0.2390865,0.5590083,-0.749333
9,7.477812,0.3553429,0.6783687,0.7838648,-0.2622787,0.2390558,0.559032,-0.7493633
9,7.488923,0.3552763,0.6783705,0.7838256,-0.262213,0.2390298,0.5589713,-0.74944
9,7.500034,0.3553293,0.6783464,0.7837978,-0.2622631,0.2389431,0.5590128,-0.7494191
9,7.511146,0.355367,0.6783926,0.7838169,-0.2623058,0.2390248,0.5590692,-0.7493359
9,7.522257,0.3553708,0.6783918,0.7838137,-0.2624216,0.2388831,0.5591062,-0.7493131
9,7.533368,0.3552932,0.6784266,0.7838646,-0.2625073,0.2386669,0.5591555,-0.7493151
9,7.544479,0.3552953,0.6784221,0.7838618,-0.2625451,0.2385094,0.5592052,-0.7493149
9,7.555591,0.3553054,0.6783798,0.7838582,-0.2624882,0.2385347,0.5592443,-0.7492977
9,7.566702,0.3553313,0.6783648,0.7838774,-0.2624066,0.2384379,0.5593652,-0.7492668
9,7.577813,0.3553056,0.678467,0.7838349,-0.2622944,0.2384473,0.559391,-0.7492838
9,7.588924,0.3553189,0.6784837,0.7838217,-0.2622445,0.2385114,0.5593058,-0.7493445
9,7.600036,0.3553392,0.6784657,0.7838157,-0.2622044,0.2386847,0.5592303,-0.7493597
9,7.611147,0.3553208,0.6784288,0.7838077,-0.2622354,0.2387715,0.5590556,-0.7494515
9,7.622258,0.3553267,0.6784252,0.7838121,-0.26226,0.2389412,0.5589072,-0.7494996
9,7.633369,0.3554116,0.6783628,0.7837691,-0.2622733,0.2390352,0.5588409,-0.7495143
9,7.644481,0.3554279,0.6783356,0.7837775,-0.2623345,0.239147,0.5588215,-0.7494717
9,7.655592,0.3553125,0.67845,0.7838147,-0.2622645,0.2391624,0.5587922,-0.7495131
9,7.666703,0.3553236,0.6784496,0.7838176,-0.262298,0.2391151,0.5587471,-0.7495501
9,7.677814,0.355188,0.6784649,0.7838642,-0.2622757,0.23898,0.5589332,-0.7494624
9,7.688926,0.3551975,0.6784825,0.7838542,-0.2622963,0.2389191,0.5589904,-0.7494317
9,7.700037,0.3551891,0.678465,0.7838593,-0.2622798,0.2387882,0.5590891,-0.7494057
9,7.711148,0.3550435,0.6785724,0.7839147,-0.2623276,0.2387485,0.5591297,-0.7493714
9,7.72226,0.3549843,0.6785919,0.7839431,-0.2623284,0.2387671,0.5591633,-0.74934
9,7.733371,0.3549823,0.6786694,0.7838831,-0.2622848,0.2387675,0.5591233,-0.749385
9,7.744482,0.3549698,0.6786744,0.783893,-0.2623071,0.2388535,0.559074,-0.7493865
9,7.755593,0.3550015,0.6786575,0.7839493,-0.2624372,0.2388557,0.5590248,-0.749377
9,7.766705,0.3549924,0.6786567,0.7839669,-0.2624067,0.2389246,0.5590373,-0.7493564
9,7.777816,0.3551596,0.6786046,0.7839731,-0.2624774,0.2389283,0.5591232,-0.7492664
9,7.788927,0.3551108,0.678632,0.7839035,-0.2624738,0.2389374,0.5590212,-0.7493408
9,7.800038,0.3553171,0.6784636,0.7838287,-0.2623985,0.2388813,0.5590811,-0.7493404
9,7.81115,0.3553084,0.6784586,0.7837914,-0.2624435,0.2388468,0.5591632,-0.7492744
9,7.822261,0.3554575,0.678394,0.7837104,-0.2624474,0.2387732,0.5593264,-0.7491747
9,7.833372,0.355356,0.678484,0.7838191,-0.2624316,0.2386211,0.5593382,-0.7492199
9,7.844483,0.3553653,0.6784801,0.7838063,-0.2623596,0.2384934,0.5594283,-0.7492185
9,7.855595,0.3554066,0.6784218,0.7838178,-0.2623929,0.2383579,0.5595375,-0.7491683
9,7.866706,0.3554367,0.6784261,0.783858,-0.2624974,0.2383081,0.5595756,-0.7491192
9,7.877817,0.3553814,0.6784651,0.7838716,-0.2625182,0.2383024,0.5595411,-0.7491395
9,7.888928,0.3553745,0.6784341,0.7838786,-0.2625503,0.2383139,0.5595585,-0.7491115
9,7.90004,0.3553921,0.678425,0.7838716,-0.2625721,0.2383806,0.5595126,-0.749117
9,7.911151,0.3555306,0.6782992,0.7838737,-0.2625652,0.238366,0.5595538,-0.7490932
9,7.922262,0.3555648,0.6782828,0.7838677,-0.2625987,0.238366,0.5595991,-0.7490477
9,7.933373,0.3555371,0.6782763,0.7838221,-0.2626616,0.2383793,0.5595618,-0.7490492
9,7.944485,0.3555634,0.6782455,0.7838112,-0.2626991,0.2383274,0.5596447,-0.7489907
9,7.955596,0.355363,0.6783196,0.783866,-0.2627012,0.2381057,0.5596637,-0.7490463
9,7.966707,0.3553667,0.6783031,0.7838705,-0.262733,0.2380144,0.5597008,-0.7490364
9,7.977818,0.3554308,0.6783525,0.783843,-0.2626854,0.2378754,0.5598524,-0.748984
