Trial,time,PositionX,PositionY,PositionZ,RotationQX,RotationQY,RotationQZ,RotationQW
26,0,0.4945213,1.347294,-0.02009689,0.3717706,-0.5202442,0.15508,-0.753049
26,0.01111111,0.4970013,1.342511,-0.02297954,0.3755206,-0.5248927,0.1566103,-0.7476264
26,0.02222222,0.4992438,1.338717,-0.02591228,0.3790305,-0.52746,0.1570958,-0.7439373
26,0.03333334,0.5005267,1.336499,-0.0288402,0.3787763,-0.5327359,0.1558985,-0.7405515
26,0.04444445,0.5021392,1.334333,-0.03117554,0.3769322,-0.5374857,0.1527241,-0.7387196
26,0.05555556,0.5014548,1.334179,-0.03291012,0.371843,-0.5438451,0.1433358,-0.7385256
26,0.06666667,0.5009713,1.335036,-0.03466944,0.3644716,-0.5482371,0.1355346,-0.7404235
26,0.07777778,0.4996963,1.337386,-0.03689203,0.3575752,-0.547527,0.1312421,-0.7450703
26,0.08888889,0.4990014,1.339923,-0.03900397,0.352669,-0.5445159,0.1278812,-0.7501822
26,0.1,0.4977089,1.34306,-0.0406771,0.3497477,-0.5415628,0.1203222,-0.7549231
26,0.1111111,0.4981999,1.347514,-0.0436895,0.3482673,-0.5396038,0.1118038,-0.7583123
26,0.1222222,0.4970027,1.351532,-0.04472506,0.3499005,-0.5361181,0.09979351,-0.7617008
26,0.1333333,0.4962052,1.355352,-0.0456664,0.3520125,-0.5326118,0.08970736,-0.7644374
26,0.1444445,0.4946658,1.36182,-0.04605328,0.3586002,-0.5264911,0.07911471,-0.7667816
26,0.1555556,0.4933532,1.367348,-0.04678402,0.3627521,-0.5223104,0.06973973,-0.7685956
26,0.1666667,0.4912897,1.37524,-0.04730208,0.3684876,-0.5181262,0.06024387,-0.7695016
26,0.1777778,0.4896074,1.382666,-0.04798813,0.3738907,-0.5151424,0.05363752,-0.7693875
26,0.1888889,0.4875806,1.39053,-0.04861847,0.3785372,-0.5120037,0.04571199,-0.7697222
26,0.2,0.485467,1.40028,-0.04993343,0.3841228,-0.5082713,0.0377863,-0.7698586
26,0.2111111,0.4828334,1.409325,-0.05045936,0.3887232,-0.5042501,0.02907564,-0.7705717
26,0.2222222,0.4805965,1.419218,-0.05183415,0.3935767,-0.5000688,0.02000488,-0.7711214
26,0.2333333,0.4778192,1.429262,-0.05316691,0.3981832,-0.496103,0.01108369,-0.7714979
26,0.2444444,0.4752067,1.439541,-0.05505245,0.4030709,-0.4921256,0.001774549,-0.7715847
26,0.2555556,0.4718218,1.450403,-0.05648386,0.4084169,-0.4882888,-0.008265495,-0.7711688
26,0.2666667,0.4683362,1.461173,-0.05822445,0.4143224,-0.484343,-0.01882771,-0.770321
26,0.2777778,0.465058,1.471255,-0.06048159,0.4204188,-0.4803458,-0.02820025,-0.7692338
26,0.2888889,0.46136,1.481752,-0.06247762,0.4261,-0.4764947,-0.03689054,-0.7681347
26,0.3,0.4572504,1.492087,-0.06518463,0.4317756,-0.4732156,-0.04430349,-0.766599
26,0.3111111,0.452846,1.502941,-0.06779406,0.4369666,-0.4699019,-0.05195749,-0.7652143
26,0.3222222,0.4480402,1.512608,-0.07102988,0.4425244,-0.4675179,-0.05967812,-0.7629139
26,0.3333333,0.4435159,1.522573,-0.07406373,0.4484299,-0.4645998,-0.06838383,-0.7605138
26,0.3444445,0.4387196,1.531753,-0.07731882,0.4548351,-0.4621104,-0.07795446,-0.7572992
26,0.3555556,0.4339691,1.540198,-0.08094626,0.461694,-0.4595311,-0.08798264,-0.7536105
26,0.3666667,0.4287594,1.548507,-0.0849428,0.4687273,-0.4568324,-0.09818314,-0.7496393
26,0.3777778,0.4239006,1.555766,-0.08914395,0.4756925,-0.4543369,-0.1083664,-0.7453532
26,0.3888889,0.4186294,1.562813,-0.09351394,0.4822555,-0.4522668,-0.1177404,-0.7409599
26,0.4,0.4135173,1.569677,-0.09807082,0.4886113,-0.4502927,-0.1263641,-0.7365648
26,0.4111111,0.4078846,1.575861,-0.1028071,0.4948436,-0.4491725,-0.1342163,-0.7316828
26,0.4222222,0.4025528,1.581073,-0.1080073,0.501222,-0.4479848,-0.1410412,-0.7267693
26,0.4333333,0.3972833,1.585842,-0.1134358,0.5075579,-0.4468363,-0.1469611,-0.7218897
26,0.4444444,0.3922854,1.590042,-0.1191134,0.5136878,-0.4462586,-0.1525029,-0.7167432
26,0.4555556,0.3873439,1.594019,-0.124872,0.5197881,-0.4455443,-0.1582012,-0.7115357
26,0.4666667,0.3829734,1.596882,-0.1309093,0.5261106,-0.4453962,-0.1633172,-0.7058026
26,0.4777778,0.3787538,1.598746,-0.1371147,0.5329826,-0.4449517,-0.1686708,-0.6996411
26,0.4888889,0.3748231,1.600591,-0.143082,0.5399953,-0.444228,-0.1738988,-0.693416
26,0.5,0.3713831,1.601372,-0.1498579,0.5472223,-0.4433227,-0.177812,-0.6873105
26,0.5111111,0.3677924,1.600752,-0.1567742,0.5540102,-0.4432933,-0.1805691,-0.6811451
26,0.5222223,0.3633064,1.60062,-0.1625784,0.5605967,-0.4434015,-0.1839437,-0.6747525
26,0.5333334,0.3600798,1.59926,-0.1692605,0.5666597,-0.4449785,-0.1857685,-0.6681174
26,0.5444446,0.3570123,1.597339,-0.1760278,0.5726055,-0.4472434,-0.186599,-0.6612694
26,0.5555557,0.3540539,1.594748,-0.1831501,0.5794959,-0.4490695,-0.1873482,-0.653775
26,0.5666668,0.3517959,1.592092,-0.189772,0.5863509,-0.4501778,-0.1878456,-0.6467199
26,0.577778,0.3498359,1.588133,-0.1964569,0.5943416,-0.451115,-0.1867826,-0.639035
26,0.5888891,0.3480429,1.584264,-0.2029617,0.6024923,-0.4518847,-0.1858326,-0.6310859
26,0.6000003,0.3468894,1.579218,-0.2091599,0.6121076,-0.453108,-0.1839372,-0.6214374
26,0.6111114,0.3457466,1.573887,-0.214681,0.6215477,-0.455324,-0.1820464,-0.6109155
26,0.6222225,0.3449606,1.567989,-0.220261,0.630496,-0.4584403,-0.1791293,-0.6001834
26,0.6333337,0.3442645,1.56225,-0.2261237,0.6386728,-0.461524,-0.1758679,-0.5900535
26,0.6444448,0.3438475,1.555593,-0.2315243,0.6456848,-0.4660971,-0.170719,-0.5802584
26,0.655556,0.3436039,1.547344,-0.2374769,0.6527125,-0.4713933,-0.1629249,-0.570272
26,0.6666671,0.3436071,1.541307,-0.2419253,0.6583468,-0.4747504,-0.15769,-0.5624281
26,0.6777782,0.344235,1.533067,-0.2473492,0.6661639,-0.4777594,-0.1491423,-0.5529269
26,0.6888894,0.344897,1.525922,-0.25107,0.67302,-0.4778763,-0.1399966,-0.5468814
26,0.7000005,0.3457128,1.518516,-0.2554762,0.6804043,-0.478333,-0.1302983,-0.5396941
26,0.7111117,0.3469409,1.51028,-0.2591151,0.6880228,-0.4799547,-0.1188314,-0.5311754
26,0.7222228,0.3484089,1.502059,-0.2623893,0.6945103,-0.4847462,-0.1075903,-0.5206735
26,0.7333339,0.3499842,1.494042,-0.264699,0.7001423,-0.4913482,-0.09541748,-0.5091887
26,0.7444451,0.351936,1.486037,-0.2674483,-0.7058429,0.4963939,0.08321978,0.4984511
26,0.7555562,0.3542749,1.477829,-0.2691749,-0.7114335,0.5006834,0.06938574,0.4882256
26,0.7666674,0.3570742,1.469256,-0.2710391,-0.7171938,0.5030811,0.05512728,0.4790651
26,0.7777785,0.3599133,1.460702,-0.2725585,-0.7224036,0.505502,0.04055046,0.4700598
26,0.7888896,0.3627176,1.45245,-0.2742048,-0.7272351,0.507417,0.02567585,0.4615169
26,0.8000008,0.3659989,1.443629,-0.2750756,-0.7324469,0.5084634,0.00761804,0.4526903
26,0.8111119,0.3692084,1.435776,-0.2752665,-0.7370914,0.5093024,-0.008859694,0.4441044
26,0.8222231,0.3730646,1.42754,-0.2748748,-0.7405988,0.5143567,-0.02290054,0.4317709
26,0.8333342,0.3769229,1.419731,-0.274206,-0.7427894,0.5213163,-0.03506745,0.4186448
26,0.8444453,0.381375,1.411655,-0.273097,-0.7430543,0.5300515,-0.04628038,0.4059236
26,0.8555565,0.3855294,1.403922,-0.2718322,-0.7432249,0.5367396,-0.05893439,0.3950368
26,0.8666676,0.3900565,1.396327,-0.2694564,-0.742841,0.5403994,-0.07566434,0.387854
26,0.8777788,0.3940578,1.389356,-0.2671658,-0.7436976,0.5403093,-0.09407221,0.3822697
26,0.8888899,0.3982657,1.382282,-0.2647163,-0.744814,0.5394248,-0.1130569,0.3761533
26,0.900001,0.4021358,1.376165,-0.2612378,-0.7467527,0.5351712,-0.1352925,0.3710098
26,0.9111122,0.4062766,1.370522,-0.2571564,-0.7476155,0.5322387,-0.1567061,0.3650155
26,0.9222233,0.4103722,1.365498,-0.2523843,-0.7464836,0.5324832,-0.1751969,0.3585109
26,0.9333345,0.4145368,1.360455,-0.2472839,-0.7443738,0.5335912,-0.1921387,0.3525205
26,0.9444456,0.4187923,1.356132,-0.2414071,-0.7407545,0.5355314,-0.2069182,0.3488175
26,0.9555568,0.4225717,1.352413,-0.234752,-0.7367928,0.5356309,-0.221557,0.3480639
26,0.9666679,0.4260954,1.349057,-0.2275097,-0.7337058,0.5320721,-0.2374932,0.3495313
26,0.977779,0.4297775,1.346414,-0.2201744,-0.731686,0.5257804,-0.2546861,0.3511772
26,0.9888902,0.4330604,1.344068,-0.2127463,-0.7292657,0.5195253,-0.2719525,0.3525717
26,1.000001,0.4354182,1.342766,-0.2039781,-0.7269055,0.5101809,-0.2900578,0.3566374
26,1.011112,0.4380965,1.341388,-0.1955617,-0.7238795,0.5020505,-0.3066733,0.3604099
26,1.022224,0.4402606,1.341416,-0.1851405,-0.7198442,0.4941972,-0.3192083,0.3683741
26,1.033335,0.4425782,1.340786,-0.1754394,-0.7152947,0.4888175,-0.3301019,0.3747583
26,1.044446,0.4447546,1.341119,-0.1642481,-0.7098438,0.4859322,-0.3349894,0.3844135
26,1.055557,0.4461121,1.341911,-0.1521957,-0.7041585,0.4825902,-0.3366074,0.3974456
26,1.066668,0.4474163,1.342365,-0.140596,-0.6990851,0.4766604,-0.3428713,0.4080615
26,1.077779,0.4481221,1.343507,-0.1278957,-0.6937173,0.4684082,-0.3490418,0.4213312
26,1.08889,0.4483573,1.344928,-0.1165281,-0.6884729,0.460067,-0.3567986,0.4324791
26,1.100002,0.4480052,1.346776,-0.1042482,-0.6822603,0.4494087,-0.3656448,0.4459335
26,1.111113,0.4472619,1.349113,-0.09186342,-0.6757708,0.4388906,-0.3747977,0.4585145
26,1.122224,0.4461324,1.351687,-0.07928964,-0.669365,0.4287357,-0.3837894,0.4699381
26,1.133335,0.4446219,1.354185,-0.06658784,-0.6636584,0.4180245,-0.3922859,0.4805464
26,1.144446,0.443216,1.356697,-0.05375396,-0.6577071,0.4075782,-0.4003834,0.490912
26,1.155557,0.4410059,1.359283,-0.04110431,-0.652193,0.3968466,-0.4076861,0.5009484
26,1.166668,0.4380238,1.361945,-0.02782837,-0.6455343,0.3852339,-0.4147125,0.5127317
26,1.17778,0.4356382,1.364301,-0.01595015,-0.6392339,0.374239,-0.4209902,0.5235384
26,1.188891,0.4324108,1.36719,-0.003881445,-0.6327573,0.3620782,-0.427439,0.5346154
26,1.200002,0.429212,1.369905,0.008078109,-0.6260449,0.3502558,-0.4335098,0.5453972
26,1.211113,0.4253488,1.372484,0.01976557,-0.6194141,0.3374113,-0.4403337,0.5555051
26,1.222224,0.4208284,1.375596,0.0314135,-0.6125906,0.3250952,-0.4468657,0.5651167
26,1.233335,0.4167634,1.378306,0.04289422,-0.6058164,0.3127807,-0.4531021,0.5743285
26,1.244446,0.4121963,1.381275,0.05390701,-0.5991361,0.3004049,-0.4590488,0.5831527
26,1.255558,0.4072678,1.384146,0.06501479,-0.5927468,0.2877362,-0.4644705,0.5917147
26,1.266669,0.4020572,1.386671,0.07548415,-0.5860617,0.2740428,-0.4698517,0.6005595
26,1.27778,0.3971184,1.389336,0.0859547,-0.5789054,0.2603302,-0.4750286,0.6094625
26,1.288891,0.3917537,1.391801,0.09559672,-0.5713485,0.2467844,-0.4791626,0.6189196
26,1.300002,0.3861498,1.394322,0.1050832,-0.5634608,0.232708,-0.4832955,0.6283187
26,1.311113,0.3803515,1.39659,0.1142426,-0.5556131,0.2186234,-0.4871943,0.6372908
26,1.322224,0.3746587,1.399001,0.1232617,-0.5474821,0.2043771,-0.4909418,0.6461189
26,1.333336,0.3684261,1.401111,0.132333,-0.5384109,0.1881349,-0.4941806,0.6561283
26,1.344447,0.3628291,1.402849,0.1398257,-0.531128,0.1742606,-0.4955292,0.6648211
26,1.355558,0.3567481,1.404508,0.1477983,-0.5236604,0.1611413,-0.4955632,0.6739662
26,1.366669,0.3501654,1.405952,0.1558121,-0.5168222,0.1498289,-0.4944936,0.682585
26,1.37778,0.3436661,1.407502,0.1639557,-0.5097414,0.1380497,-0.4933982,0.6911325
26,1.388891,0.3366892,1.408043,0.1711877,0.502645,-0.1260393,0.4907097,-0.7004756
26,1.400002,0.3301609,1.408858,0.1783044,0.4947152,-0.1135055,0.4886867,-0.7096186
26,1.411114,0.3239483,1.408856,0.1842716,0.4868549,-0.1026769,0.4855131,-0.7188232
26,1.422225,0.3176617,1.408453,0.1901533,0.4780148,-0.09144004,0.4813493,-0.7290016
26,1.433336,0.3109594,1.407645,0.1962596,0.4681619,-0.08021182,0.4761817,-0.7400281
26,1.444447,0.3050112,1.406418,0.2013202,0.4595899,-0.07211308,0.4707566,-0.7496433
26,1.455558,0.2983732,1.405194,0.2070171,0.4508131,-0.06368598,0.4656117,-0.7588923
26,1.466669,0.2918009,1.403651,0.2125003,0.4428543,-0.05654322,0.4612517,-0.7667657
26,1.47778,0.2843283,1.401133,0.2177241,0.4356988,-0.05184205,0.4581605,-0.7730252
26,1.488891,0.2769038,1.397604,0.2226083,0.428149,-0.04688573,0.4576351,-0.7778562
26,1.500003,0.2700092,1.394045,0.2272947,0.419416,-0.04084022,0.4573127,-0.7831266
26,1.511114,0.2630719,1.390286,0.2319438,0.4102412,-0.034514,0.4567593,-0.7885948
26,1.522225,0.2561532,1.385547,0.2361126,0.3994452,-0.0293472,0.4571015,-0.7941288
26,1.533336,0.2491803,1.380787,0.2402447,0.3885135,-0.02470021,0.4567679,-0.7998815
26,1.544447,0.2422643,1.37518,0.2438224,0.3760899,-0.0214193,0.456559,-0.8060095
26,1.555558,0.2356052,1.368915,0.2471098,0.3625138,-0.01863882,0.4558905,-0.8126501
26,1.566669,0.2293578,1.36225,0.250323,0.3489087,-0.014901,0.4551672,-0.8190625
26,1.577781,0.2229461,1.354856,0.2535758,0.3364644,-0.01202051,0.455162,-0.8243026
26,1.588892,0.2163202,1.347484,0.2567138,0.3250846,-0.009821579,0.4555942,-0.828648
26,1.600003,0.2089778,1.338557,0.2598661,0.3140558,-0.009586394,0.4579424,-0.8316044
26,1.611114,0.2018997,1.330021,0.26244,0.3043019,-0.01092193,0.4621581,-0.8328812
26,1.622225,0.1946616,1.321264,0.2652741,0.2930062,-0.01133925,0.4667773,-0.8343487
26,1.633336,0.1874957,1.311278,0.2672559,0.2786564,-0.01161315,0.4741541,-0.8351009
26,1.644447,0.1804991,1.302012,0.2698792,0.2637939,-0.01107611,0.4784479,-0.8374829
26,1.655559,0.1747469,1.292689,0.2713229,0.2466151,-0.009637058,0.4815329,-0.8409603
26,1.66667,0.1689723,1.282784,0.2728183,0.2291602,-0.007461339,0.4839047,-0.8445508
26,1.677781,0.1629756,1.272924,0.2742243,0.2125397,-0.006459333,0.4866576,-0.847319
26,1.688892,0.1570297,1.262163,0.2752354,0.1974992,-0.006709024,0.490555,-0.8487077
26,1.700003,0.1509562,1.251316,0.2758859,0.1840129,-0.009065732,0.4956024,-0.8487847
26,1.711114,0.1439119,1.240263,0.2763858,0.1706529,-0.01329459,0.5015786,-0.8480093
26,1.722225,0.1377586,1.229793,0.2767349,0.1569237,-0.01678535,0.5069447,-0.847408
26,1.733337,0.1320296,1.218748,0.2763627,0.1411678,-0.02041881,0.512323,-0.8468647
26,1.744448,0.127223,1.207782,0.275995,0.1241667,-0.0226612,0.5151821,-0.8477362
26,1.755559,0.1232549,1.196991,0.2749668,0.1060063,-0.02406333,0.5155697,-0.8499244
26,1.76667,0.1196227,1.186092,0.2739137,0.08788683,-0.02605491,0.5140259,-0.8528625
26,1.777781,0.1160182,1.175004,0.2727221,0.07100925,-0.0287911,0.5132207,-0.8548294
26,1.788892,0.1128246,1.163903,0.2708254,0.05646608,-0.03314891,0.5118362,-0.8565841
26,1.800003,0.1099589,1.152494,0.2686316,0.04325644,-0.03924704,0.5114151,-0.8573466
26,1.811115,0.1079377,1.141556,0.2660029,0.03046134,-0.04590422,0.5112091,-0.8576889
26,1.822226,0.1060497,1.130635,0.2637582,-0.01685408,0.0520942,-0.5105882,0.8580803
26,1.833337,0.1057711,1.120243,0.260641,-0.004074981,0.05927163,-0.5091584,0.8586198
26,1.844448,0.1060266,1.110051,0.2575408,0.009105617,0.06670685,-0.5075355,0.8589965
26,1.855559,0.1071307,1.100119,0.2536875,0.02165678,0.07510942,-0.5059233,0.8590292
26,1.86667,0.1088732,1.089537,0.2498357,0.03513082,0.0850914,-0.5044423,0.8585238
26,1.877781,0.1106781,1.081214,0.2463082,0.04603657,0.09370907,-0.5035114,0.857657
26,1.888893,0.1137957,1.072345,0.2421582,0.05680618,0.1042781,-0.5035434,0.8557705
26,1.900004,0.1177903,1.06345,0.2377952,0.06689668,0.1159789,-0.5038851,0.8533308
26,1.911115,0.1221313,1.056261,0.2335174,0.07271072,0.1276023,-0.5042323,0.850988
26,1.922226,0.1272288,1.048865,0.2288277,0.07765758,0.1404689,-0.5042284,0.8485232
26,1.933337,0.1323781,1.041469,0.2241827,0.08284768,0.1532872,-0.5037913,0.8460696
26,1.944448,0.1382882,1.034558,0.2202646,0.08695768,0.1672988,-0.5031125,0.8434022
26,1.955559,0.1445761,1.028311,0.215789,0.09124322,0.1815889,-0.5028686,0.8401329
26,1.966671,0.1525356,1.023903,0.2111928,0.0928366,0.1982171,-0.5039886,0.835516
26,1.977782,0.1597912,1.018799,0.2066088,0.09431902,0.2140954,-0.5045758,0.8310658
26,1.988893,0.1676567,1.014147,0.2024903,0.0930751,0.230318,-0.5059612,0.8260108
26,2.000004,0.1761902,1.010481,0.1980135,0.08994204,0.2464477,-0.5080116,0.8204256
26,2.011115,0.1847827,1.006815,0.1936209,0.08675963,0.2623976,-0.5093684,0.8149626
26,2.022226,0.1938054,1.004282,0.1894256,0.0809828,0.2793709,-0.5095021,0.8098156
26,2.033337,0.2031947,1.002547,0.1854126,0.07507816,0.2969984,-0.5083389,0.8048272
26,2.044448,0.2128388,1.001752,0.1816964,0.06937773,0.3141666,-0.5076625,0.7992276
26,2.055559,0.2225289,1.001754,0.1779422,0.06229918,0.3305812,-0.5081187,0.7928746
26,2.06667,0.2327866,1.001656,0.1739734,0.05501138,0.3459596,-0.509279,0.7860793
26,2.077781,0.2425906,1.00292,0.1704761,0.04456733,0.3600057,-0.5121596,0.7785257
26,2.088892,0.2524419,1.004835,0.1674283,0.03261399,0.3738988,-0.5141418,0.771229
26,2.100003,0.2617043,1.007319,0.1646174,0.01948473,0.3876683,-0.5136456,0.7651808
26,2.111114,0.2707607,1.01035,0.1621256,0.005840391,0.4005491,-0.5114915,0.7601991
26,2.122225,0.2807268,1.013604,0.1596822,-0.006912366,0.4127244,-0.509927,0.7547086
26,2.133336,0.289669,1.018461,0.1578008,-0.02228281,0.4209121,-0.5075749,0.751468
26,2.144447,0.2988106,1.02283,0.1559069,-0.03577256,0.4291613,-0.5066302,0.7469048
26,2.155558,0.3074946,1.028221,0.1541713,-0.05045177,0.4344302,-0.5064118,0.7431503
26,2.166669,0.3161122,1.034386,0.1528117,-0.06575027,0.4394743,-0.5059568,0.7392882
26,2.17778,0.3246142,1.040549,0.151371,-0.08084311,0.4453672,-0.5044589,0.735278
26,2.188891,0.3318806,1.047571,0.1506902,-0.09702943,0.4494601,-0.5015821,0.7327935
26,2.200002,0.3394251,1.054708,0.1497932,-0.1131154,0.4536592,-0.4983566,0.7300951
26,2.211113,0.3458796,1.062495,0.1494011,-0.1300773,0.4543817,-0.4949518,0.7291364
26,2.222224,0.3520161,1.071482,0.148574,-0.1465661,0.4509778,-0.4932879,0.7292492
26,2.233335,0.358084,1.079752,0.1481337,-0.1626256,0.44976,-0.4911424,0.7280439
26,2.244446,0.3632855,1.088893,0.1479565,-0.17867,0.4474744,-0.488593,0.7274067
26,2.255557,0.3680169,1.097733,0.148125,-0.1947361,0.4455944,-0.486113,0.7260976
26,2.266668,0.3709949,1.107362,0.148551,-0.211552,0.4408357,-0.4846833,0.7252529
26,2.277779,0.3746352,1.116553,0.1490998,-0.2281238,0.4363463,-0.4830193,0.7240537
26,2.28889,0.377163,1.125942,0.1496736,-0.2437932,0.4286947,-0.4818818,0.7242759
26,2.300001,0.3790498,1.13551,0.1501579,-0.2576627,0.4212039,-0.4793707,0.7255349
26,2.311112,0.3803517,1.14502,0.150767,-0.2700249,0.4122215,-0.4770557,0.727721
26,2.322223,0.3812101,1.154554,0.1512714,0.2824067,-0.4017629,0.4750224,-0.7301964
26,2.333334,0.3818334,1.164011,0.1520633,0.2956229,-0.3906861,0.4729446,-0.7323216
26,2.344445,0.3813744,1.173364,0.1529268,0.3068698,-0.3782603,0.4713176,-0.7352617
26,2.355556,0.3812493,1.182584,0.1536139,0.3174463,-0.3659696,0.469202,-0.7383384
26,2.366668,0.379853,1.191564,0.1548398,0.3267065,-0.3530521,0.4660751,-0.7425572
26,2.377779,0.3778124,1.200656,0.1560137,0.3357327,-0.3400041,0.4626358,-0.7467588
26,2.38889,0.3753884,1.20934,0.1573183,0.3436445,-0.3257425,0.4599237,-0.7511795
26,2.400001,0.3727767,1.217886,0.1584334,0.3504181,-0.3109533,0.4573401,-0.7558805
26,2.411112,0.3698671,1.22648,0.1598952,0.3573135,-0.2965912,0.45452,-0.7601134
26,2.422223,0.3663335,1.234467,0.1612179,0.3627916,-0.2816603,0.4515131,-0.7649744
26,2.433334,0.3622471,1.242259,0.1626959,0.3675038,-0.2661318,0.4482045,-0.7702127
26,2.444445,0.3575701,1.250417,0.1640937,0.3714147,-0.2488264,0.4443557,-0.7763275
26,2.455556,0.3538221,1.257059,0.1652097,0.3740587,-0.234036,0.4410134,-0.7815461
26,2.466667,0.348501,1.263795,0.166544,0.3749656,-0.2176824,0.4371597,-0.7879763
26,2.477778,0.3435006,1.270409,0.1679851,0.3762407,-0.2013925,0.4333776,-0.7937682
26,2.488889,0.338374,1.277076,0.1694158,0.3773682,-0.1855821,0.4291317,-0.7993739
26,2.5,0.3327675,1.283664,0.1707331,0.3766387,-0.1683176,0.4243464,-0.8060661
26,2.511111,0.3277097,1.289129,0.1716052,0.3743622,-0.1527733,0.4196004,-0.81268
26,2.522222,0.3223992,1.29482,0.1726066,0.371924,-0.1363105,0.4140851,-0.8195276
26,2.533333,0.316899,1.300138,0.173301,0.3677021,-0.1229607,0.4065192,-0.8272955
26,2.544444,0.3104934,1.305399,0.1742883,0.3640068,-0.1138704,0.398412,-0.8341466
26,2.555555,0.3042784,1.310606,0.1755296,0.3616988,-0.103503,0.3917156,-0.8396547
26,2.566666,0.2976424,1.314062,0.1772162,0.3624768,-0.09270978,0.3896442,-0.8415419
26,2.577777,0.2915492,1.318012,0.1787757,0.362029,-0.07930419,0.3868384,-0.8443944
26,2.588888,0.2863075,1.321498,0.1800585,0.3613424,-0.06406817,0.3854377,-0.8466195
26,2.599999,0.2810246,1.325045,0.1812145,0.3585386,-0.04854019,0.382206,-0.8503014
26,2.61111,0.2768446,1.328642,0.1817767,0.3542166,-0.03440899,0.3779637,-0.854687
26,2.622221,0.2721981,1.332223,0.1825598,0.3499522,-0.02094075,0.3729162,-0.8590859
26,2.633332,0.2683094,1.336239,0.1829667,0.3446762,-0.006974027,0.3675366,-0.8637514
26,2.644443,0.2647535,1.339364,0.1834632,0.3417812,0.004935101,0.3638561,-0.8664699
26,2.655554,0.2610758,1.343029,0.1841161,0.3394599,0.01745743,0.3606507,-0.8685582
26,2.666665,0.2569355,1.346596,0.1850672,0.3404197,0.03021935,0.3607449,-0.8677928
26,2.677776,0.2539984,1.349741,0.1856562,0.3406705,0.04200827,0.3608727,-0.8671504
26,2.688887,0.2511756,1.353611,0.1862958,0.342331,0.05615553,0.3622135,-0.8651344
26,2.699998,0.2478731,1.357164,0.1870797,0.343091,0.06951766,0.3620262,-0.8639404
26,2.711109,0.2465886,1.360793,0.1870273,0.3463275,0.07941744,0.3623773,-0.8616454
26,2.72222,0.2442717,1.364721,0.1876571,0.3488379,0.09003572,0.3615151,-0.8599491
26,2.733331,0.2423465,1.369358,0.187985,0.3520008,0.1009028,0.3606071,-0.8578325
26,2.744442,0.2413774,1.373563,0.1881049,0.356967,0.1080069,0.3591706,-0.8555148
26,2.755553,0.2402151,1.378088,0.1884561,0.3618109,0.1170133,0.3579171,-0.8528166
26,2.766664,0.2392961,1.382874,0.1891398,0.3681476,0.1256971,0.3567164,-0.849365
26,2.777775,0.2388021,1.387574,0.1897445,0.3746469,0.1350212,0.356106,-0.8453387
26,2.788886,0.2388818,1.392647,0.1904499,0.3810414,0.1447097,0.3560753,-0.8408786
26,2.799997,0.2390836,1.397713,0.1911624,0.3870341,0.1529426,0.3556621,-0.8368499
26,2.811108,0.2394107,1.403226,0.1917423,0.3935905,0.1599453,0.354456,-0.8329856
26,2.822219,0.2394605,1.40809,0.1924975,0.3990112,0.1664428,0.3536256,-0.8294792
26,2.83333,0.2402007,1.413566,0.1930415,0.4052804,0.169907,0.3528118,-0.826077
26,2.844441,0.240834,1.418863,0.1937572,0.4112155,0.1734309,0.3523673,-0.8225939
26,2.855552,0.2415318,1.424121,0.194529,0.4167765,0.1775187,0.352097,-0.8190312
26,2.866663,0.2427187,1.429615,0.1949875,0.4219246,0.1816591,0.3522334,-0.8154209
26,2.877774,0.2439921,1.434928,0.196043,0.4271816,0.1857487,0.3534568,-0.8112223
26,2.888885,0.2452907,1.439852,0.1971183,0.4322537,0.1899745,0.3553306,-0.8067259
26,2.899997,0.2465153,1.444759,0.198245,0.4375416,0.1938622,0.357403,-0.8020211
26,2.911108,0.2477969,1.44974,0.1994413,0.4425496,0.196981,0.3601621,-0.7972651
26,2.922219,0.2492545,1.454599,0.2005528,0.4473975,0.1981942,0.3622159,-0.7933185
26,2.93333,0.2507321,1.459131,0.2018617,0.4512512,0.1993411,0.3638843,-0.7900782
26,2.944441,0.2516024,1.464055,0.2034879,0.4551284,0.2006,0.3652987,-0.7868765
26,2.955552,0.2533894,1.468109,0.2050719,0.4587513,0.2016875,0.3664488,-0.7839546
26,2.966663,0.2555503,1.472275,0.2064033,0.4625473,0.2032572,0.3679725,-0.7805975
26,2.977774,0.2572337,1.476056,0.2080423,0.4662511,0.20403,0.3699046,-0.7772723
26,2.988885,0.2590735,1.480083,0.2096172,0.4702007,0.2045052,0.3718104,-0.7738515
26,2.999996,0.2607664,1.483583,0.2114086,0.4743316,0.204229,0.3736714,-0.7704997
26,3.011107,0.262387,1.486881,0.2134975,0.478464,0.2032956,0.3752067,-0.7674392
26,3.022218,0.2641872,1.490256,0.2155322,0.4821772,0.2022559,0.3763889,-0.7648065
26,3.033329,0.2661424,1.493207,0.2178851,0.4857788,0.2015475,0.3775707,-0.7621273
26,3.04444,0.2680997,1.496174,0.2201772,0.489407,0.2008147,0.3790439,-0.7592627
26,3.055551,0.2699741,1.498785,0.2226517,0.4926457,0.1997365,0.3809887,-0.7564743
26,3.066662,0.2718981,1.501371,0.2252033,0.4952772,0.1985983,0.3833807,-0.7538424
26,3.077773,0.2737693,1.503759,0.2277943,0.4974858,0.1969112,0.3866132,-0.7511752
26,3.088884,0.2758518,1.506066,0.2307631,0.4990264,0.1948891,0.3915774,-0.748103
26,3.099995,0.2775479,1.508228,0.2330427,0.5008681,0.1936397,0.3949188,-0.7454354
26,3.111106,0.2793825,1.510229,0.2360492,0.5017129,0.1921683,0.399993,-0.7425369
26,3.122217,0.2812418,1.512152,0.2390077,0.5029348,0.1899295,0.4048498,-0.7396486
26,3.133328,0.2830044,1.513841,0.242318,0.5047933,0.1868666,0.40958,-0.736552
26,3.144439,0.2847377,1.515601,0.2456271,0.5064862,0.1838193,0.4141268,-0.7336082
26,3.15555,0.2865682,1.516954,0.24927,0.5079733,0.1803387,0.419026,-0.7306561
26,3.166661,0.2886726,1.518232,0.2528411,0.5087171,0.177095,0.424348,-0.7278551
26,3.177772,0.2905326,1.519382,0.256417,0.5094036,0.1738005,0.4299311,-0.7248865
26,3.188883,0.2922868,1.520453,0.2603826,0.5095769,0.1700565,0.4362936,-0.721845
26,3.199994,0.2939954,1.52117,0.2643891,0.5097469,0.1664402,0.4428718,-0.7185543
26,3.211105,0.2955439,1.521907,0.268549,0.5091633,0.1623904,0.4497682,-0.715605
26,3.222216,0.2971838,1.522448,0.2725004,0.5076189,0.157536,0.4566974,-0.7133954
26,3.233327,0.2985009,1.522872,0.2768378,0.5055219,0.1520583,0.4639619,-0.7113826
26,3.244438,0.2997308,1.52314,0.2812534,0.5033643,0.1470554,0.4714092,-0.7090645
26,3.255549,0.3009361,1.523363,0.2859274,0.5013525,0.1426145,0.4788445,-0.7064097
26,3.26666,0.3017362,1.523304,0.2908016,0.4988204,0.1386353,0.486364,-0.7038528
26,3.277771,0.3024723,1.523064,0.2956972,0.49506,0.1347534,0.4940304,-0.7019196
26,3.288882,0.3034316,1.5227,0.3006141,0.4903294,0.1307522,0.5014653,-0.7007236
26,3.299993,0.303905,1.522238,0.3054509,0.4855311,0.1267705,0.508925,-0.6994172
26,3.311104,0.3039623,1.521427,0.3107037,0.4798088,0.1221159,0.5163896,-0.6987224
26,3.322215,0.3036753,1.520664,0.3157181,0.473948,0.1170465,0.5236477,-0.6981881
26,3.333326,0.3025201,1.519325,0.3210491,0.4666511,0.111794,0.5303587,-0.6988979
26,3.344437,0.3015814,1.517952,0.3264522,0.4598051,0.1078993,0.5367889,-0.6991387
26,3.355548,0.2997589,1.516305,0.3317864,0.4522113,0.104593,0.543063,-0.6997484
26,3.366659,0.2982663,1.514764,0.3372285,0.4443384,0.1016459,0.5498109,-0.6999567
26,3.37777,0.2956954,1.512682,0.3422755,0.4350594,0.1000104,0.5565544,-0.7006914
26,3.388881,0.292902,1.510356,0.3475543,0.425254,0.09847417,0.5624431,-0.7022248
26,3.399992,0.2898051,1.508073,0.3525191,0.415273,0.09632236,0.5672627,-0.7046157
26,3.411103,0.2860869,1.505396,0.3573356,0.4046778,0.09314595,0.5696719,-0.7092487
26,3.422215,0.281471,1.502516,0.3622373,0.394,0.09029838,0.5712763,-0.7143203
26,3.433326,0.2764172,1.499414,0.3664191,0.3832074,0.08896212,0.5720477,-0.7197216
26,3.444437,0.2710582,1.495906,0.3707183,0.3719488,0.08966133,0.5731249,-0.7246674
26,3.455548,0.2655579,1.492358,0.3750385,0.3612322,0.09100132,0.5744808,-0.7288361
26,3.466659,0.2591363,1.487844,0.3792471,0.3506467,0.09428322,0.5746253,-0.7334598
26,3.47777,0.2523608,1.483252,0.3826409,0.3401519,0.09732877,0.5739504,-0.7385153
26,3.488881,0.2454222,1.478377,0.3858969,0.3293464,0.0995593,0.5714343,-0.7450382
26,3.499992,0.2386851,1.473588,0.38892,0.3182704,0.1014741,0.5682074,-0.7520288
26,3.511103,0.2312485,1.468331,0.3913306,0.3072562,0.1030832,0.5616446,-0.761264
26,3.522214,0.223647,1.462833,0.393555,0.2962829,0.1049145,0.5548173,-0.7703162
26,3.533325,0.2161219,1.457249,0.395515,0.2843211,0.1085571,0.5480072,-0.7791438
26,3.544436,0.208615,1.451792,0.3975779,0.2719907,0.1129123,0.5421175,-0.7870072
26,3.555547,0.2014984,1.445903,0.3988755,0.2590179,0.1189392,0.5355574,-0.7949475
26,3.566658,0.1940714,1.440081,0.4003198,0.2472245,0.1234988,0.5288725,-0.8024476
26,3.577769,0.1868145,1.433733,0.4003901,0.2370101,0.1270742,0.5210226,-0.8100703
26,3.58888,0.1795091,1.427402,0.4005593,0.2272277,0.1303894,0.5129359,-0.8174736
26,3.599991,0.1722981,1.421182,0.4006206,-0.2171753,-0.1334395,-0.5046301,0.8248499
26,3.611102,0.1656667,1.41488,0.3997942,-0.2069386,-0.1370676,-0.4954305,0.8324288
26,3.622213,0.1589597,1.408748,0.3990177,-0.1954531,-0.1423466,-0.4864234,0.8395997
26,3.633324,0.1538254,1.402467,0.3975779,-0.1837321,-0.1493076,-0.4757213,0.8471358
26,3.644435,0.148646,1.396335,0.3960944,-0.1738831,-0.1552563,-0.463675,0.8547899
26,3.655546,0.1439699,1.389965,0.3939764,-0.1652994,-0.1609361,-0.4513782,0.8619938
26,3.666657,0.1394896,1.383654,0.3916765,-0.1578258,-0.1662159,-0.4405996,0.8679489
26,3.677768,0.1350082,1.377595,0.3892236,-0.1508764,-0.1712935,-0.4301933,0.8734005
26,3.688879,0.13123,1.371548,0.3868896,-0.1431789,-0.1762769,-0.4190876,0.8790858
26,3.69999,0.1281838,1.365525,0.3846195,-0.1358421,-0.181796,-0.4069676,0.884802
26,3.711101,0.1266392,1.359936,0.3815918,-0.1295962,-0.1868287,-0.3942467,0.8904322
26,3.722212,0.1243315,1.354785,0.379036,-0.1231552,-0.1914143,-0.3823473,0.8955467
26,3.733323,0.1237541,1.349413,0.3757228,-0.1177912,-0.195366,-0.3716604,0.8999032
26,3.744434,0.1232042,1.344478,0.3727805,-0.1123731,-0.1989788,-0.3626704,0.9034654
26,3.755545,0.1234707,1.339916,0.3697352,-0.1081008,-0.2013668,-0.3541435,0.9068341
26,3.766656,0.1240994,1.335303,0.3667232,-0.1056978,-0.2027783,-0.3451603,0.91026
26,3.777767,0.1250847,1.330755,0.3635942,-0.104674,-0.2030518,-0.3356599,0.9138631
26,3.788878,0.1267956,1.326767,0.3602656,-0.1038609,-0.2026448,-0.3260972,0.9175013
26,3.799989,0.1288592,1.322723,0.3569787,-0.1023766,-0.2025368,-0.3164492,0.9210634
26,3.8111,0.1319751,1.31928,0.3536242,-0.1018485,-0.2012496,-0.3058792,0.9249667
26,3.822211,0.1352321,1.315845,0.3503519,-0.1012758,-0.2002893,-0.2955236,0.9285974
26,3.833322,0.1400928,1.313498,0.3468421,-0.1006192,-0.1988403,-0.2872267,0.9315788
26,3.844433,0.1443377,1.310807,0.3435004,-0.09931682,-0.198085,-0.2800964,0.9340474
26,3.855544,0.1496744,1.308397,0.340232,-0.0983993,-0.1960001,-0.2756549,0.9359037
26,3.866655,0.1551464,1.306288,0.3367628,-0.09845246,-0.1921125,-0.2736003,0.9373061
26,3.877766,0.1605922,1.304164,0.3333347,-0.09994673,-0.1860679,-0.2733766,0.938432
26,3.888877,0.1660307,1.30207,0.3297723,-0.1014365,-0.1796405,-0.2726677,0.9397299
26,3.899988,0.1718148,1.300256,0.326463,-0.103941,-0.1708877,-0.274009,0.940698
26,3.911099,0.1782393,1.298656,0.3229833,-0.1068261,-0.1624894,-0.2753358,0.9414752
26,3.92221,0.1843699,1.297,0.3196576,-0.1098703,-0.1546262,-0.2759525,0.9422682
26,3.933321,0.1914815,1.295683,0.3161775,-0.1136611,-0.1465808,-0.2763174,0.9429973
26,3.944432,0.199007,1.294706,0.313163,-0.1178198,-0.1384438,-0.2751051,0.9440704
26,3.955544,0.2057237,1.293593,0.310249,-0.1213725,-0.1306755,-0.2737549,0.9451196
26,3.966655,0.2129436,1.292569,0.3071356,-0.125444,-0.1217902,-0.2717681,0.9463472
26,3.977766,0.2204718,1.291587,0.3039013,-0.1310466,-0.1116515,-0.2686317,0.947733
26,3.988877,0.2281361,1.290576,0.3003036,-0.1367346,-0.1003621,-0.2647797,0.9492749
26,3.999988,0.236166,1.289704,0.29666,-0.1419747,-0.08860123,-0.2603556,0.9508986
26,4.011099,0.2439149,1.288755,0.2930009,-0.1465145,-0.07809183,-0.2567245,0.9521174
26,4.02221,0.2520547,1.288044,0.289197,-0.1505804,-0.06701129,-0.2538377,0.9531009
26,4.033321,0.260208,1.287348,0.2852685,-0.1539003,-0.05601735,-0.2525592,0.9536197
26,4.044433,0.2684607,1.286651,0.281166,-0.1570831,-0.04504146,-0.2520378,0.9538202
26,4.055544,0.2767625,1.28619,0.2768413,0.1604853,0.03344934,0.2514738,-0.9538797
26,4.066655,0.2850574,1.285609,0.272336,0.163839,0.02105861,0.2501874,-0.9540019
26,4.077766,0.2932687,1.285257,0.2673203,0.1673619,0.006312266,0.2481383,-0.9541371
26,4.088878,0.3013522,1.284729,0.262603,0.1711425,-0.006839737,0.2462328,-0.9539564
26,4.099989,0.309858,1.284028,0.2574511,0.175964,-0.02015943,0.2443618,-0.9533717
26,4.1111,0.3181048,1.283537,0.2518867,0.1811426,-0.03371793,0.242338,-0.9525349
26,4.122211,0.3263656,1.283142,0.2463165,0.1860836,-0.04764925,0.2400135,-0.9515756
26,4.133323,0.3345293,1.282986,0.2401319,0.1910633,-0.0626065,0.2370875,-0.950455
26,4.144434,0.3425992,1.282969,0.2333915,0.1953975,-0.0777607,0.2340944,-0.9491959
26,4.155545,0.3506901,1.283014,0.2263527,0.1990325,-0.0922786,0.2321916,-0.9476064
26,4.166656,0.3589247,1.28307,0.2187244,0.2029274,-0.1066888,0.2309515,-0.9455683
26,4.177768,0.3666065,1.282915,0.211686,0.2070589,-0.1201013,0.2295734,-0.9433973
26,4.188879,0.3741199,1.282855,0.2038139,0.2120039,-0.1345048,0.2279811,-0.9407377
26,4.19999,0.3816445,1.282615,0.1956143,0.2174911,-0.1494051,0.2257599,-0.9377677
26,4.211102,0.3891737,1.282356,0.1871368,0.2228847,-0.1643764,0.2229498,-0.9346638
26,4.222213,0.396414,1.281985,0.178314,0.228291,-0.1790101,0.219011,-0.9315969
26,4.233324,0.4036545,1.281476,0.1689447,0.2341148,-0.1949254,0.2132131,-0.9282966
26,4.244435,0.4107914,1.280828,0.1597908,0.2396281,-0.2106424,0.2073495,-0.924778
26,4.255547,0.4169341,1.280074,0.1502784,0.2448587,-0.2266119,0.2014367,-0.9209313
26,4.266658,0.423227,1.279299,0.1403462,0.2497925,-0.2426683,0.1976882,-0.916316
26,4.277769,0.429011,1.2783,0.1299443,0.2549196,-0.2581078,0.1957979,-0.911076
26,4.28888,0.4351245,1.277458,0.1195888,0.2601483,-0.2730251,0.1945159,-0.9055075
26,4.299992,0.4403043,1.276296,0.1087559,0.2659573,-0.2877443,0.1954202,-0.8990445
26,4.311103,0.4455642,1.275027,0.09734793,0.272086,-0.3031664,0.196582,-0.8918604
26,4.322214,0.4502897,1.27379,0.08671692,0.2775314,-0.3177426,0.1969672,-0.8849971
26,4.333325,0.454419,1.272146,0.07488696,0.2830235,-0.3338446,0.1958987,-0.8775358
26,4.344437,0.458962,1.270484,0.06323226,0.2882577,-0.3499283,0.1942836,-0.8698917
26,4.355548,0.4625562,1.268673,0.05139305,0.2925777,-0.3662291,0.1921182,-0.8621863
26,4.366659,0.4662638,1.266735,0.03952953,0.2970988,-0.382255,0.1902482,-0.8540604
26,4.37777,0.4693158,1.26423,0.02732562,0.3023556,-0.3982688,0.1884215,-0.8452576
26,4.388882,0.471948,1.261255,0.0150869,0.3087048,-0.4137648,0.1874725,-0.8356758
26,4.399993,0.474103,1.258229,0.002787523,0.3150817,-0.4294352,0.1877139,-0.8252711
26,4.411104,0.4762722,1.255052,-0.009443834,0.3214313,-0.444744,0.1885924,-0.8144431
26,4.422215,0.4776163,1.25144,-0.02168605,0.3286211,-0.4598665,0.1912035,-0.8024788
26,4.433327,0.4789612,1.247003,-0.03425594,0.3366978,-0.4753774,0.1941968,-0.7892644
26,4.444438,0.4789279,1.242117,-0.04653087,0.3446925,-0.4908139,0.1984099,-0.7751918
26,4.455549,0.4797112,1.237282,-0.0598326,0.3524103,-0.507734,0.2019114,-0.7597663
26,4.46666,0.4796325,1.232693,-0.07048725,0.3587903,-0.5214329,0.2054458,-0.7464377
26,4.477772,0.4790548,1.226766,-0.0828962,0.3660147,-0.5379268,0.2102898,-0.7296891
26,4.488883,0.4781107,1.220721,-0.09394138,0.3724029,-0.5518264,0.2152568,-0.7144707
26,4.499994,0.4770617,1.213633,-0.1057653,0.3796698,-0.566371,0.2202075,-0.6975554
26,4.511106,0.4753526,1.205808,-0.1168891,0.387416,-0.5807412,0.2251986,-0.6796575
26,4.522217,0.4738675,1.198283,-0.1277234,0.3946365,-0.5943471,0.2301616,-0.6618453
26,4.533328,0.4713138,1.18946,-0.1379425,0.4021493,-0.6083345,0.2368834,-0.6419433
26,4.544439,0.4682835,1.180622,-0.1476934,0.4089969,-0.6221271,0.245767,-0.6207076
26,4.555551,0.465057,1.171539,-0.1566183,0.415723,-0.6352905,0.2571015,-0.5978957
26,4.566662,0.461872,1.161771,-0.1648678,0.4232284,-0.6469836,0.2701021,-0.5738771
26,4.577773,0.458793,1.152093,-0.1727164,0.4310822,-0.6575674,0.2818969,-0.5498248
26,4.588884,0.4552844,1.14112,-0.1795563,0.4399826,-0.6664368,0.2950034,-0.5246431
26,4.599996,0.4512488,1.13008,-0.1859153,0.4474364,-0.6745375,0.3079217,-0.499984
26,4.611107,0.4467513,1.119001,-0.1909722,-0.4530229,0.6828093,-0.3201627,0.4754341
26,4.622218,0.4425597,1.107614,-0.195661,-0.4562791,0.6911447,-0.3319433,0.4515994
26,4.633329,0.4384549,1.096689,-0.1999463,-0.4581822,0.6997557,-0.3430957,0.42743
26,4.644441,0.4342366,1.085041,-0.2031808,-0.457313,0.7086706,-0.3541005,0.404059
26,4.655552,0.4296953,1.073423,-0.2045099,-0.4551365,0.7177823,-0.3630725,0.3818608
26,4.666663,0.4256912,1.06242,-0.2061673,-0.4530393,0.7256874,-0.3721123,0.3600911
26,4.677774,0.4207168,1.051517,-0.205721,-0.448858,0.7326053,-0.3835347,0.338699
26,4.688886,0.4162992,1.0412,-0.2050434,-0.44318,0.7383649,-0.3966805,0.3178892
26,4.699997,0.4111314,1.031537,-0.2029899,-0.4371669,0.7421236,-0.4111222,0.2985234
26,4.711108,0.4062963,1.021528,-0.2013035,-0.431379,0.7449423,-0.4251749,0.2796419
26,4.722219,0.4008743,1.012909,-0.197485,-0.4222144,0.7475217,-0.4390233,0.2649619
26,4.733331,0.3960418,1.004327,-0.1927865,-0.4092975,0.7529759,-0.4485015,0.2536716
26,4.744442,0.3912378,0.9964532,-0.1870936,-0.3970719,0.7570577,-0.4571946,0.245297
26,4.755553,0.3856459,0.9892364,-0.1802378,-0.3861282,0.7584506,-0.4676505,0.2386643
26,4.766665,0.3809672,0.9823797,-0.1741039,-0.3778641,0.7578629,-0.4790471,0.2310337
26,4.777776,0.3756047,0.9773192,-0.1663243,-0.3702323,0.7535101,-0.4939639,0.2261639
26,4.788887,0.3710404,0.9729214,-0.1584064,-0.3626087,0.7475228,-0.5108698,0.2207637
26,4.799998,0.3665947,0.9694621,-0.1503426,-0.3549581,0.7399142,-0.5285854,0.2170926
26,4.81111,0.3626751,0.9655926,-0.1425268,-0.3471644,0.7329565,-0.5445387,0.2138436
26,4.822221,0.359252,0.963113,-0.133423,-0.3401288,0.7246923,-0.5602768,0.2126577
26,4.833332,0.3562981,0.962088,-0.1234561,-0.335491,0.7163994,-0.5734339,0.2130518
26,4.844443,0.3532036,0.9602486,-0.1135304,-0.3298973,0.7092227,-0.5858999,0.2118779
26,4.855555,0.3507113,0.9597597,-0.103156,-0.3250209,0.7015131,-0.5974357,0.2128649
26,4.866666,0.3487324,0.9599485,-0.09259198,-0.3189261,0.6936227,-0.6091566,0.2147134
26,4.877777,0.346992,0.9603294,-0.0825814,-0.3129287,0.6852376,-0.6208626,0.216921
26,4.888888,0.345746,0.9614842,-0.07214215,-0.3081254,0.6753446,-0.6324609,0.2212727
26,4.9,0.3449667,0.9635841,-0.061371,0.3050719,-0.6647931,0.6436124,-0.2252649
26,4.911111,0.3447915,0.9662532,-0.05054025,0.3031651,-0.6544526,0.6536642,-0.2291417
26,4.922222,0.3446153,0.9692045,-0.03989002,0.3009292,-0.6442589,0.6635904,-0.2324217
26,4.933333,0.3449765,0.9734121,-0.02887898,0.3004895,-0.634114,0.6720536,-0.2365363
26,4.944445,0.345716,0.978427,-0.01845574,0.3001458,-0.6229747,0.680861,-0.2413365
26,4.955556,0.346554,0.9838243,-0.008187262,0.2995032,-0.6105713,0.6900575,-0.247631
26,4.966667,0.3476255,0.9892279,0.001371585,0.2982914,-0.5980451,0.6990883,-0.2542436
26,4.977778,0.3488747,0.9956846,0.01099564,0.2981427,-0.5848113,0.7070832,-0.2629451
26,4.98889,0.3502176,1.002623,0.0205593,0.2985856,-0.5725436,0.7131999,-0.2727388
26,5.000001,0.3517025,1.010137,0.03013502,0.2992719,-0.56182,0.7171997,-0.2835829
26,5.011112,0.3528937,1.017451,0.04003558,0.3000586,-0.5513014,0.7206694,-0.2943928
26,5.022223,0.3544822,1.026047,0.0491971,0.3020357,-0.5402878,0.7235442,-0.3055277
26,5.033335,0.3560521,1.03482,0.05817342,0.3046145,-0.5272892,0.7272797,-0.3166077
26,5.044446,0.3575203,1.043676,0.06649551,0.3070192,-0.513068,0.731208,-0.3283829
26,5.055557,0.3590302,1.052415,0.07506123,0.3086547,-0.4993289,0.7345182,-0.3404203
26,5.066669,0.3604254,1.061733,0.08292403,0.3105802,-0.4855551,0.7371335,-0.3527188
26,5.07778,0.3619044,1.0714,0.0906343,0.3135212,-0.4713933,0.7395284,-0.3641299
26,5.088891,0.3634659,1.082514,0.09948491,0.3170501,-0.4560207,0.7414517,-0.3765283
26,5.100002,0.364346,1.091115,0.1059228,0.3201406,-0.4460432,0.7415956,-0.3854755
26,5.111114,0.3654387,1.100669,0.1133805,0.3233673,-0.4343193,0.7417597,-0.3957183
26,5.122225,0.3663487,1.111281,0.1200733,0.3278869,-0.4216294,0.7415874,-0.405915
26,5.133336,0.3675379,1.121642,0.1269056,0.3316928,-0.408669,0.7414655,-0.4161712
26,5.144447,0.3682722,1.132011,0.133752,0.3359234,-0.3948357,0.7409703,-0.4268764
26,5.155559,0.3688832,1.142087,0.1399409,0.3399622,-0.3812523,0.7401565,-0.4373108
26,5.16667,0.3693862,1.152584,0.145984,0.3440706,-0.3678048,0.7388836,-0.4476449
26,5.177781,0.3697296,1.162777,0.1523763,0.3481971,-0.3544438,0.7373198,-0.4576984
26,5.188892,0.3696761,1.173242,0.158383,0.3523598,-0.3417583,0.7350324,-0.4677297
26,5.200004,0.3691784,1.183616,0.1646892,0.3563493,-0.3299441,0.7316218,-0.4784157
26,5.211115,0.3683976,1.193968,0.1705622,0.3597378,-0.3184631,0.7272817,-0.4901341
26,5.222226,0.367507,1.204862,0.1767429,0.3621033,-0.3042865,0.7222015,-0.5046937
26,5.233337,0.3666593,1.213931,0.1812253,0.3628607,-0.2907509,0.7178228,-0.5181953
26,5.244449,0.3655003,1.223751,0.1865194,0.364104,-0.276738,0.7125521,-0.5320846
26,5.25556,0.364035,1.233585,0.1912705,-0.3650058,0.2632522,-0.7061284,0.5466734
26,5.266671,0.3624694,1.243277,0.1964336,-0.3660815,0.2503977,-0.6994902,0.5603559
26,5.277782,0.3603418,1.252837,0.2012493,-0.3675816,0.2380293,-0.6923878,0.5734326
26,5.288894,0.3572316,1.262739,0.2064267,-0.3698269,0.2250441,-0.6845527,0.5864903
26,5.300005,0.3546073,1.271259,0.2110435,-0.3711805,0.2142306,-0.6777003,0.5975387
26,5.311116,0.35152,1.280239,0.2159148,-0.3723061,0.2028344,-0.6704286,0.6089104
26,5.322227,0.3477267,1.288876,0.2205821,-0.3723752,0.1914766,-0.6631075,0.620453
26,5.333339,0.3439162,1.29729,0.2248595,-0.3711353,0.1787763,-0.6561539,0.6322656
26,5.34445,0.3397164,1.305121,0.2291993,-0.3693262,0.1651064,-0.6494582,0.6438494
26,5.355561,0.3356944,1.31299,0.2334995,-0.3675861,0.1518318,-0.6424603,0.6550361
26,5.366673,0.3308601,1.320141,0.2379545,-0.3649355,0.1386901,-0.6353086,0.6663108
26,5.377784,0.3256499,1.326853,0.2421526,-0.3624228,0.1261978,-0.6285095,0.676535
26,5.388895,0.3199671,1.333111,0.2465621,-0.3595875,0.1140212,-0.6216027,0.6865172
26,5.400006,0.3142624,1.339394,0.2509241,-0.3568019,0.101791,-0.6145374,0.6961859
26,5.411118,0.3079026,1.3445,0.2553277,0.3540074,-0.08990146,0.6073949,-0.7054558
26,5.422229,0.3013204,1.349197,0.2595487,0.3505901,-0.0770245,0.6005589,-0.7144809
26,5.43334,0.2945125,1.353246,0.2636082,0.3465328,-0.06386143,0.5942312,-0.7229978
26,5.444451,0.287585,1.356707,0.2674881,0.3414073,-0.05045015,0.5881767,-0.7313986
26,5.455563,0.2803073,1.360355,0.2713131,0.3359945,-0.03764373,0.5814697,-0.7399889
26,5.466674,0.2722719,1.362435,0.2746989,0.3291667,-0.02628641,0.5747157,-0.7487724
26,5.477785,0.2648056,1.365634,0.2783754,0.3234429,-0.01415947,0.5673575,-0.7571589
26,5.488896,0.2561679,1.36682,0.2815679,0.31578,-0.00136292,0.5605153,-0.7655741
26,5.500008,0.2483922,1.367918,0.2842383,0.3087975,0.0100034,0.5551288,-0.7722539
26,5.511119,0.2400261,1.368784,0.2869843,0.3008452,0.02289639,0.5508032,-0.7781928
26,5.52223,0.2320113,1.369624,0.2896208,0.2932533,0.03632853,0.5468632,-0.7833412
26,5.533341,0.2237609,1.369495,0.2919537,0.2861132,0.05003007,0.5440886,-0.7871491
26,5.544453,0.2149248,1.369384,0.2946688,0.2791146,0.06347258,0.5407516,-0.790983
26,5.555564,0.2071919,1.369231,0.2968392,0.272164,0.07650971,0.5357013,-0.7956741
26,5.566675,0.1992069,1.368867,0.2991186,0.2655082,0.08864287,0.5280902,-0.8017284
26,5.577786,0.1923938,1.367939,0.3006454,0.2599177,0.1003996,0.5186226,-0.8083274
26,5.588898,0.1852123,1.366648,0.3024379,0.256502,0.1116891,0.5079779,-0.8146722
26,5.600009,0.1788897,1.365613,0.303987,0.2547523,0.1225362,0.4973852,-0.8201793
26,5.61112,0.1723368,1.364519,0.3055079,0.2520366,0.13434,0.4885166,-0.8244889
26,5.622231,0.166303,1.36343,0.3063775,0.2501037,0.1456065,0.4823276,-0.8268053
26,5.633343,0.1603247,1.362878,0.3071702,-0.2466435,-0.1572844,-0.4794254,0.8273934
26,5.644454,0.1551913,1.362347,0.3074685,-0.2414642,-0.1711093,-0.4798157,0.8259501
26,5.655565,0.1505371,1.361938,0.3080526,-0.2356024,-0.185554,-0.479867,0.8244931
26,5.666677,0.1466738,1.361837,0.3081825,-0.2289771,-0.2018673,-0.4821577,0.8211839
26,5.677788,0.1435456,1.362059,0.3089797,-0.2240105,-0.218301,-0.4831554,0.8177559
26,5.688899,0.139911,1.362162,0.3097377,-0.2226408,-0.2329484,-0.4822207,0.8146345
26,5.70001,0.1362192,1.36251,0.3104589,-0.2249911,-0.244353,-0.479414,0.8123009
26,5.711122,0.1326884,1.362899,0.3112307,-0.2272011,-0.256357,-0.4773422,0.8092003
26,5.722233,0.1294912,1.363418,0.3121191,-0.2326582,-0.2680095,-0.475,0.8052429
26,5.733344,0.1270732,1.364221,0.3133225,-0.2376112,-0.2819831,-0.4733643,0.7999704
26,5.744455,0.1247262,1.365228,0.3143933,-0.240874,-0.2959934,-0.4718385,0.7948182
26,5.755567,0.1228885,1.366919,0.3156088,-0.2447813,-0.3090149,-0.4702508,0.7895923
26,5.766678,0.1210261,1.368973,0.3164136,-0.2492625,-0.3188009,-0.4681798,0.7855202
26,5.777789,0.1191454,1.371318,0.317345,-0.2551118,-0.3260464,-0.4661801,0.7818489
26,5.7889,0.1170251,1.373601,0.3185164,-0.2613353,-0.3330818,-0.4645178,0.7778069
26,5.800012,0.1150038,1.376493,0.319654,-0.2682486,-0.3384725,-0.4637457,0.7735754
26,5.811123,0.113403,1.379842,0.3213135,-0.2741917,-0.3427977,-0.4650676,0.7687788
26,5.822234,0.1115384,1.382891,0.3230234,-0.2796325,-0.3482579,-0.4660179,0.7637731
26,5.833345,0.1101028,1.386417,0.3250597,-0.2850465,-0.3526044,-0.4679763,0.7585623
26,5.844457,0.1087114,1.389974,0.3271236,-0.2898012,-0.3562997,-0.4704256,0.7535021
26,5.855568,0.1073598,1.393759,0.3290759,-0.2944411,-0.3600099,-0.4724483,0.7486588
26,5.866679,0.1064664,1.397613,0.3313185,-0.2984147,-0.3622465,-0.4747875,0.7445153
26,5.87779,0.1055763,1.401717,0.3337986,-0.3020526,-0.3636048,-0.4765401,0.7412592
26,5.888902,0.1045886,1.405739,0.3362864,-0.3060263,-0.3645775,-0.4780024,0.7382038
26,5.900013,0.1037609,1.410154,0.338888,-0.3094214,-0.3634659,-0.4794278,0.7364101
26,5.911124,0.1032103,1.414375,0.3419506,-0.3123592,-0.3620864,-0.4819401,0.7342064
26,5.922235,0.1025691,1.418297,0.3446413,-0.3150381,-0.3616554,-0.4848032,0.7313838
26,5.933347,0.1016396,1.422492,0.3477627,-0.3172342,-0.3619,-0.4886873,0.7277194
26,5.944458,0.1009155,1.426222,0.3510534,-0.3184166,-0.3621533,-0.4942232,0.7233251
26,5.955569,0.1002879,1.429991,0.3544797,-0.3189127,-0.3621809,-0.5000253,0.7190927
26,5.966681,0.09952889,1.433647,0.3578311,-0.3193623,-0.361319,-0.5052129,0.7156928
26,5.977792,0.09873167,1.437093,0.3611872,-0.3208064,-0.3589949,-0.5093535,0.7132776
26,5.988903,0.09778503,1.440598,0.3644474,-0.3229348,-0.356276,-0.5126936,0.7112845
26,6.000014,0.09683512,1.443987,0.3680358,-0.3257099,-0.3525293,-0.5153817,0.7099421
26,6.011126,0.09585782,1.447176,0.371667,-0.3286789,-0.3492607,-0.5179141,0.7083447
26,6.022237,0.09473362,1.45008,0.3753817,-0.3318264,-0.3466196,-0.520583,0.7062149
26,6.033348,0.09375256,1.453067,0.3789671,-0.3340185,-0.3442377,-0.5237697,0.7039868
26,6.044459,0.09265407,1.455843,0.382316,-0.3335416,-0.3421934,-0.5284905,0.7016775
26,6.055571,0.09138019,1.458609,0.3854957,-0.3318495,-0.3397654,-0.5347661,0.6988995
26,6.066682,0.09007754,1.461121,0.3884336,-0.3293699,-0.3372137,-0.5420225,0.6957113
26,6.077793,0.08847821,1.46391,0.3912607,-0.3269659,-0.3340988,-0.5490383,0.6928408
26,6.088904,0.08653531,1.466206,0.3938727,-0.3241534,-0.3294047,-0.5561846,0.6907068
26,6.100016,0.08460111,1.468461,0.3966415,-0.3219051,-0.3254825,-0.5615364,0.6892858
26,6.111127,0.08291443,1.470641,0.3994316,-0.3192142,-0.3219481,-0.5664507,0.6881754
26,6.122238,0.08093195,1.472555,0.4019584,-0.3158916,-0.3186756,-0.5704246,0.6879492
26,6.133349,0.07882936,1.474169,0.4046338,-0.3128636,-0.3162168,-0.5740713,0.687434
26,6.144461,0.07649023,1.47569,0.4073192,-0.310495,-0.3139895,-0.5780922,0.6861581
26,6.155572,0.07355869,1.476547,0.4098513,-0.3082203,-0.3122759,-0.5826153,0.684137
26,6.166683,0.07024416,1.477358,0.4122483,-0.3052717,-0.3103492,-0.5874115,0.6822318
26,6.177794,0.06695665,1.477943,0.4143805,-0.3017955,-0.3080125,-0.5910557,0.6816898
26,6.188906,0.06373677,1.478396,0.4164082,-0.2979677,-0.3057454,-0.5932125,0.6825203
26,6.200017,0.06041931,1.478628,0.4182919,-0.2930146,-0.3041182,-0.5947683,0.684036
26,6.211128,0.05701206,1.479039,0.420075,-0.2876771,-0.3027089,-0.5965044,0.6854135
26,6.222239,0.05313107,1.478851,0.4218874,-0.2818889,-0.3028114,-0.5987909,0.6857795
26,6.233351,0.04920959,1.478694,0.4237466,-0.2763885,-0.3034468,-0.6016164,0.6852643
26,6.244462,0.04476373,1.477903,0.4254621,-0.2713987,-0.3049611,-0.6046376,0.683926
26,6.255573,0.03962014,1.47683,0.4271589,-0.2673771,-0.3050461,-0.6065204,0.6838051
26,6.266685,0.03512926,1.475898,0.4282731,-0.2636611,-0.3051592,-0.6064714,0.6852394
26,6.277796,0.03053847,1.474805,0.4294604,-0.2583597,-0.305964,-0.6053511,0.6878853
26,6.288907,0.0263072,1.473541,0.4305044,-0.2522767,-0.3069412,-0.603313,0.6914889
26,6.300018,0.0217695,1.47222,0.4314218,-0.2466116,-0.3076443,-0.602323,0.6940784
26,6.31113,0.01675061,1.470444,0.4317299,-0.2403409,-0.3079171,-0.6021098,0.6963383
26,6.322241,0.01136074,1.468435,0.4319949,-0.2332838,-0.3088664,-0.6039904,0.6966892
26,6.333352,0.006324444,1.466506,0.4322391,-0.2262522,-0.3102076,-0.6062199,0.6964758
26,6.344463,0.0009704232,1.464134,0.4322789,-0.2183807,-0.3122013,-0.6089196,0.6957421
26,6.355575,-0.004480369,1.461301,0.4319533,-0.2114294,-0.3136794,-0.6098803,0.6963827
26,6.366686,-0.009827625,1.458164,0.4314994,-0.2045298,-0.3154597,-0.6090317,0.698379
26,6.377797,-0.01499841,1.455003,0.4309554,-0.1976877,-0.3172324,-0.6076494,0.7007462
26,6.388908,-0.02022404,1.451168,0.4298033,-0.190476,-0.3197247,-0.6044486,0.7043699
26,6.40002,-0.0255111,1.44693,0.4283576,-0.182495,-0.322885,-0.6011002,0.707898
26,6.411131,-0.03087958,1.44223,0.4266434,-0.174249,-0.3264523,-0.5975949,0.7112992
26,6.422242,-0.03644261,1.436933,0.4245895,-0.1656176,-0.3305175,-0.5939664,0.7145158
26,6.433353,-0.04206028,1.431343,0.4222547,-0.1566638,-0.3346069,-0.5898847,0.7180047
26,6.444465,-0.04751012,1.425128,0.4195856,-0.1467567,-0.3395941,-0.584464,0.7221774
26,6.455576,-0.05275957,1.419133,0.4170191,-0.1374212,-0.3448852,-0.5785434,0.7262625
26,6.466687,-0.05785358,1.412116,0.4141258,-0.1282596,-0.351312,-0.5698754,0.7316908
26,6.477798,-0.0627641,1.40451,0.4107166,-0.1194841,-0.3571827,-0.5598065,0.7380791
26,6.48891,-0.06769555,1.396921,0.4074128,-0.1105677,-0.3626597,-0.5500512,0.7441078
26,6.500021,-0.07254362,1.387911,0.4030177,-0.1012064,-0.368161,-0.5403034,0.749858
26,6.511132,-0.0788126,1.376261,0.3974791,-0.08745293,-0.3755552,-0.5285116,0.7562973
26,6.522243,-0.08264856,1.368179,0.393448,-0.07665005,-0.3807422,-0.5204499,0.7604551
26,6.533355,-0.08827408,1.351798,0.3857382,-0.05328724,-0.391868,-0.5016901,0.7693548
26,6.544466,-0.09083157,1.341305,0.3809844,-0.04027878,-0.3986264,-0.4876567,0.7756711
26,6.555577,-0.09360059,1.330764,0.3760894,-0.02962099,-0.4040995,-0.4739826,0.7817716
26,6.566689,-0.09569333,1.31941,0.3711143,-0.02045289,-0.4086546,-0.4601399,0.7879431
26,6.5778,-0.09764007,1.307149,0.3658371,-0.01080456,-0.412165,-0.4482767,0.7931275
26,6.588911,-0.09904051,1.295269,0.3608874,0.0009297431,-0.4149154,-0.4389572,0.7969698
26,6.600022,-0.09930557,1.283254,0.3562341,0.01477015,-0.4175825,-0.4297513,0.8004503
26,6.611134,-0.0994999,1.271778,0.351873,0.02807976,-0.4202224,-0.4190527,0.8043753
26,6.622245,-0.0974009,1.259655,0.3483813,0.04111751,-0.4222188,-0.4069933,0.8089481
26,6.633356,-0.09611782,1.248187,0.3448749,0.05247495,-0.4235325,-0.3950444,0.8135149
26,6.644467,-0.0939794,1.236991,0.3417003,0.06246643,-0.4225095,-0.3836746,0.8187658
26,6.655579,-0.09172873,1.225827,0.3387952,0.07278581,-0.4203107,-0.373268,0.8238399
26,6.66669,-0.08882341,1.214122,0.3366488,0.08212762,-0.4148256,-0.3653161,0.8292882
26,6.677801,-0.08538361,1.203545,0.3343602,0.09081148,-0.4084034,-0.3589188,0.8343484
26,6.688912,-0.08141251,1.193056,0.3326509,0.09936258,-0.4023469,-0.352464,0.839055
26,6.700024,-0.07640146,1.18304,0.3317703,0.1073039,-0.395738,-0.3460094,0.8438927
26,6.711135,-0.07043672,1.174122,0.331404,0.1138985,-0.3880064,-0.3385184,0.8496373
26,6.722246,-0.06409907,1.165478,0.3318749,0.1191544,-0.3789454,-0.3311354,0.8558925
26,6.733357,-0.05716962,1.157588,0.3320341,0.1237581,-0.368593,-0.325284,0.8619822
26,6.744469,-0.05003911,1.150092,0.332833,0.1277519,-0.3571824,-0.321141,0.8677376
26,6.75558,-0.04304659,1.142635,0.3336389,-0.1322513,0.3456661,0.316956,-0.8732488
26,6.766691,-0.03487736,1.136881,0.3346619,-0.1348606,0.3328272,0.3153855,-0.878391
26,6.777802,-0.02634221,1.131822,0.3360636,-0.136358,0.3198971,0.3153386,-0.8829688
26,6.788914,-0.01757039,1.127127,0.3375458,-0.136762,0.3068168,0.3159024,-0.8873361
26,6.800025,-0.008837402,1.122792,0.3394305,-0.1373601,0.294277,0.3154093,-0.8916559
26,6.811136,0.0007911026,1.120243,0.3413009,-0.1367164,0.2818505,0.3152714,-0.8958085
26,6.822248,0.01083946,1.118249,0.3437194,-0.1350642,0.269551,0.3134346,-0.9004769
26,6.833359,0.02111796,1.116974,0.3457001,-0.1310114,0.2575287,0.3113164,-0.9053159
26,6.84447,0.03104417,1.115749,0.3483043,-0.1268791,0.2455393,0.3090739,-0.909992
26,6.855581,0.04116343,1.115745,0.3505787,-0.1200677,0.2329226,0.3062619,-0.9151691
26,6.866693,0.05162135,1.116348,0.3533665,-0.1136796,0.2190864,0.3033527,-0.9203561
26,6.877804,0.06188978,1.117091,0.355642,-0.1074975,0.2062524,0.301195,-0.9247626
26,6.888915,0.07262929,1.119896,0.3579577,-0.09982571,0.1942283,0.3003238,-0.9285018
26,6.900026,0.0830824,1.122224,0.3605736,-0.092843,0.1821896,0.2994151,-0.9319537
26,6.911138,0.09353586,1.125468,0.3628576,-0.08455623,0.1705015,0.2996569,-0.9348718
26,6.922249,0.1035093,1.129201,0.3652291,-0.07529519,0.1583858,0.2996139,-0.9378039
26,6.93336,0.1138151,1.133435,0.3672043,-0.06479351,0.14532,0.2992458,-0.9408166
26,6.944471,0.1233792,1.138232,0.3691865,-0.05503529,0.1326907,0.299226,-0.943307
26,6.955583,0.1333633,1.143004,0.3712199,-0.04540104,0.1202722,0.2993705,-0.9454368
26,6.966694,0.1429083,1.148618,0.3728827,-0.03516941,0.1088722,0.3005277,-0.9468859
26,6.977805,0.1523169,1.154378,0.3744109,0.02448548,-0.09831467,-0.3019942,0.9479105
26,6.988916,0.1615475,1.160305,0.3756948,0.01318369,-0.08818788,-0.3031771,0.9487532
26,7.000028,0.1708367,1.16668,0.3767213,0.002180321,-0.07819546,-0.303445,0.9496325
26,7.011139,0.179716,1.172947,0.3779469,-0.008637303,-0.06801192,-0.3032555,0.9504399
26,7.02225,0.179716,1.172947,0.3779469,-0.008637303,-0.06801192,-0.3032555,0.9504399
26,7.033361,0.1883078,1.180025,0.3790295,-0.01927717,-0.05818809,-0.3023407,0.9512268
26,7.044473,0.1965187,1.187097,0.3797825,-0.02996021,-0.04844546,-0.3016142,0.951727
26,7.055584,0.2043304,1.194274,0.3800274,-0.04073504,-0.0396603,-0.3014861,0.9517741
26,7.066695,0.2123255,1.201387,0.3804379,-0.05116149,-0.03080716,-0.3014631,0.9516057
26,7.077806,0.2200634,1.208449,0.380846,-0.06110585,-0.02257041,-0.3015803,0.9512129
26,7.088918,0.2276456,1.216007,0.3807548,0.07049311,0.01527396,0.3012568,-0.9508111
26,7.100029,0.2351812,1.223304,0.380893,0.08011221,0.008161811,0.3004956,-0.9503776
26,7.11114,0.2419912,1.231036,0.3802307,0.08989796,0.001678847,0.2978924,-0.9503555
26,7.122252,0.2488898,1.238544,0.3801361,0.09958296,-0.005886685,0.2958579,-0.9500087
26,7.133363,0.2550885,1.245991,0.3792511,0.1096394,-0.01349425,0.2946058,-0.9492126
26,7.144474,0.2620083,1.254015,0.3787671,0.1207204,-0.02222337,0.2941418,-0.9478466
26,7.155585,0.2726582,1.268016,0.3768753,0.1394787,-0.03927856,0.2967514,-0.9438969
26,7.166697,0.2776635,1.275347,0.3758469,0.1487767,-0.04707404,0.301335,-0.940663
26,7.177808,0.2776635,1.275347,0.3758469,0.1487767,-0.04707404,0.301335,-0.940663
26,7.188919,0.2880807,1.289623,0.3736866,0.1681274,-0.06041787,0.3097005,-0.9338996
26,7.20003,0.2880807,1.289623,0.3736866,0.1681274,-0.06041787,0.3097005,-0.9338996
26,7.211142,0.2925882,1.296562,0.3719247,0.1775323,-0.06538807,0.3164043,-0.929567
26,7.222253,0.2969509,1.303489,0.3707893,0.1873571,-0.07163884,0.3208126,-0.925659
26,7.233364,0.3011313,1.310471,0.3690344,0.1980995,-0.07802075,0.3250815,-0.9214072
26,7.244475,0.3046148,1.316723,0.3675167,0.2081184,-0.08337587,0.3289436,-0.9173502
26,7.255587,0.3118426,1.32947,0.3642513,0.2305092,-0.09180202,0.3394481,-0.9073108
26,7.266698,0.3118426,1.32947,0.3642513,0.2305092,-0.09180202,0.3394481,-0.9073108
26,7.277809,0.3154069,1.335925,0.3624931,0.2425771,-0.09588882,0.3457929,-0.9013263
26,7.28892,0.3202852,1.346882,0.3584605,0.2633272,-0.1002645,0.3605067,-0.8891798
26,7.300032,0.3202852,1.346882,0.3584605,0.2633272,-0.1002645,0.3605067,-0.8891798
26,7.311143,0.3223863,1.352189,0.3562626,0.2729999,-0.1014096,0.3674591,-0.8832672
26,7.322254,0.3268495,1.362753,0.3515942,0.2918032,-0.1010097,0.3808756,-0.87154
26,7.333365,0.3268495,1.362753,0.3515942,0.2918032,-0.1010097,0.3808756,-0.87154
26,7.344477,0.3296339,1.371834,0.3468223,0.3118135,-0.09901083,0.3924662,-0.8596159
26,7.355588,0.33063,1.376202,0.3443558,0.3222539,-0.09832345,0.3982072,-0.8531799
26,7.366699,0.33063,1.376202,0.3443558,0.3222539,-0.09832345,0.3982072,-0.8531799
26,7.37781,0.330874,1.380255,0.3414971,0.3325679,-0.09691714,0.4036987,-0.846778
26,7.388922,0.3306642,1.387961,0.3357745,0.3485944,-0.09061703,0.4144771,-0.8357507
26,7.400033,0.3306642,1.387961,0.3357745,0.3485944,-0.09061703,0.4144771,-0.8357507
26,7.411144,0.3303979,1.392186,0.3320545,0.3569409,-0.08544067,0.4198139,-0.8300901
26,7.422256,0.3297246,1.399559,0.3260648,0.3722376,-0.07663153,0.4281453,-0.8199136
26,7.433367,0.3297246,1.399559,0.3260648,0.3722376,-0.07663153,0.4281453,-0.8199136
26,7.444478,0.3276355,1.406576,0.3192563,0.3856531,-0.06682439,0.4326458,-0.8121724
26,7.455589,0.3276355,1.406576,0.3192563,0.3856531,-0.06682439,0.4326458,-0.8121724
26,7.466701,0.3249106,1.413705,0.3125817,0.3988928,-0.0584695,0.4349218,-0.8051764
26,7.477812,0.3232698,1.417301,0.309281,0.4062941,-0.05373318,0.4361636,-0.8011236
26,7.488923,0.3214577,1.421325,0.3065483,0.4135807,-0.04828289,0.4372357,-0.7971479
26,7.500034,0.3199958,1.425449,0.3039337,0.420713,-0.0417331,0.4382082,-0.7932418
26,7.511146,0.3185363,1.429607,0.3012692,0.4277202,-0.03605327,0.4388058,-0.7894334
26,7.522257,0.3175576,1.434365,0.2992659,0.4342809,-0.0293199,0.4384403,-0.7863273
26,7.533368,0.3161668,1.438771,0.2969474,0.4409609,-0.0230042,0.4384136,-0.7828268
26,7.544479,0.3153151,1.443705,0.2951049,0.4472086,-0.01626581,0.4380044,-0.7796742
26,7.555591,0.3142551,1.448613,0.2928533,0.4534153,-0.01024383,0.4375725,-0.7764276
26,7.566702,0.3133738,1.453894,0.2912048,0.4590452,-0.005209059,0.4367221,-0.7736434
26,7.577813,0.3122876,1.459656,0.2891744,0.4648468,-0.0004904419,0.4360014,-0.7705972
26,7.588924,0.3122876,1.459656,0.2891744,0.4648468,-0.0004904419,0.4360014,-0.7705972
26,7.600036,0.3106681,1.470885,0.286144,0.4743297,0.008002535,0.4353962,-0.7650996
26,7.611147,0.3106681,1.470885,0.286144,0.4743297,0.008002535,0.4353962,-0.7650996
26,7.622258,0.3096944,1.481776,0.2835231,0.4824292,0.01652259,0.4340531,-0.7606491
26,7.633369,0.3093418,1.487299,0.2825669,0.4873259,0.02116773,0.4326875,-0.7581866
26,7.644481,0.3090605,1.492603,0.2817777,0.4925689,0.02534886,0.4311394,-0.7555475
26,7.655592,0.3087435,1.497721,0.2811753,0.4978345,0.02817991,0.4290109,-0.753204
26,7.666703,0.3085409,1.502591,0.2805973,0.5025177,0.0305779,0.4270671,-0.7511023
26,7.677814,0.3083588,1.507627,0.2800252,0.5062363,0.03284609,0.4252751,-0.7495245
26,7.688926,0.3081547,1.512194,0.279446,0.5094435,0.03452,0.4233193,-0.7483826
26,7.700037,0.3082005,1.516718,0.2787562,0.5118268,0.0356292,0.4218521,-0.7475325
26,7.711148,0.3080606,1.520832,0.2781819,0.5138699,0.03725611,0.4208235,-0.7466305
26,7.72226,0.3083008,1.525054,0.2773997,0.5153286,0.03904542,0.4200935,-0.7459445
26,7.733371,0.3083203,1.5285,0.2768975,0.5166279,0.04112713,0.419896,-0.7450446
26,7.744482,0.3080595,1.531184,0.2766247,0.5188502,0.04214612,0.4195035,-0.7436633
26,7.755593,0.3080559,1.533706,0.2764086,0.5211405,0.04293886,0.4184819,-0.7425911
26,7.766705,0.3078568,1.535618,0.2763382,0.5227964,0.04414794,0.4172317,-0.7420597
26,7.777816,0.3078232,1.537616,0.2762448,0.5243905,0.0451564,0.415536,-0.7418257
26,7.788927,0.3079896,1.539131,0.2760999,0.5253125,0.04559581,0.4130914,-0.7425115
26,7.800038,0.3079896,1.539131,0.2760999,0.5253125,0.04559581,0.4130914,-0.7425115
26,7.81115,0.3079234,1.54007,0.2759034,0.5255579,0.04520501,0.4109259,-0.7435627
26,7.822261,0.3078923,1.541195,0.2758909,0.5243248,0.045035,0.4094323,-0.7452654
26,7.833372,0.3077572,1.541689,0.2760219,0.5235359,0.04543701,0.4094061,-0.7458099
26,7.844483,0.3078396,1.54138,0.2762968,0.5222552,0.04637595,0.4106461,-0.7459683
26,7.855595,0.3079659,1.540969,0.2767663,0.5219128,0.04718448,0.4110461,-0.7459369
26,7.866706,0.3080164,1.540638,0.2771845,0.5216576,0.04783793,0.4113835,-0.7458877
26,7.877817,0.3077051,1.539877,0.2780158,0.5211347,0.04823005,0.4117196,-0.7460425
26,7.888928,0.3078205,1.538995,0.2781808,0.5198384,0.04830328,0.4122562,-0.7466455
26,7.90004,0.3079947,1.53791,0.2786022,0.5183127,0.04845713,0.4130357,-0.7472653
26,7.911151,0.3081594,1.536869,0.2790361,0.5170261,0.04895166,0.4139847,-0.7475991
26,7.922262,0.3083658,1.535586,0.2794556,0.5152687,0.04938997,0.41581,-0.7477706
26,7.933373,0.3086682,1.534048,0.2800844,0.5136979,0.04984094,0.4181295,-0.747528
26,7.944485,0.3088689,1.532592,0.2805795,0.5121326,0.05020642,0.4206233,-0.7471784
26,7.955596,0.3090279,1.530779,0.2811722,0.5105615,0.05013172,0.4235958,-0.746579
26,7.966707,0.3090927,1.528793,0.2817471,0.5087383,0.05001806,0.4268228,-0.7459932
26,7.977818,0.3095802,1.526721,0.2822832,0.5070493,0.04928498,0.4287906,-0.7460634
26,7.98893,0.3101694,1.524725,0.2829929,0.5048646,0.0480798,0.4310949,-0.7462957
26,8.000041,0.3111266,1.522132,0.2830516,0.5011269,0.04581481,0.4317767,-0.7485597
26,8.011152,0.3119693,1.519703,0.2833982,0.4973066,0.0442792,0.4329451,-0.7505226
